dataset : data/german_credit_binary.csv
label_name : Risk == good
sensitive_group : 
time_limit : 3600
lambda_bound : 9
n_folds : 5
nb_samples : 1000
nb_features : 33
optimality_gap : [0.0, 0.0, 0.0, 0.0, 0.0]
execution_time : [68.25536894798279, 196.31823086738586, 286.18635296821594, 811.2863688468933, 227.09218096733093]
objective_function : [0.30125000000000013, 0.3050000000000001, 0.30125000000000013, 0.2962500000000001, 0.2962500000000001]
sparsity : [0, 0, 0, 0, 0]
accuracy_train : [0.69875, 0.695, 0.69875, 0.70375, 0.70375]
accuracy_test : [0.705, 0.72, 0.705, 0.685, 0.685]
end
