dataset : data/german_credit_binary.csv
label_name : Risk == good
sensitive_group : 
time_limit : 3600
lambda_bound : 9
n_folds : 5
nb_samples : 1000
nb_features : 33
optimality_gap : [0.1639694029394079, 0.19811833962300276, 0.15454405206247918, 0.20003330851946402, 0.1953004532850545]
execution_time : [3600.0072128772736, 3600.0014238357544, 3600.002727985382, 3600.0010271072388, 3600.0027828216553]
objective_function : [0.30125000000000013, 0.3050000000000001, 0.30125000000000013, 0.2962500000000001, 0.2962500000000001]
sparsity : [0, 0, 0, 0, 0]
accuracy_train : [0.69875, 0.695, 0.69875, 0.70375, 0.70375]
accuracy_test : [0.705, 0.72, 0.705, 0.685, 0.685]
end
