dataset : data/adult_binary.csv
label_name : income > 50K
sensitive_group : 
time_limit : 3600
lambda_bound : 9
n_folds : 5
nb_samples : 30162
nb_features : 82
optimality_gap : [0.9038630906538025, 0.8893279922194077, 0.8986089111648013, 0.9085687752386775, 0.9046120675557375]
execution_time : [3600.035155057907, 3600.042323112488, 3600.008118867874, 3600.042958021164, 3600.041799068451]
objective_function : [0.24692279000372763, 0.25048696589166325, 0.24919187733112622, 0.25101533360961775, 0.24699544135930684]
sparsity : [0, 0, 0, 0, 0]
accuracy_train : [0.75307720999627, 0.7495130341083344, 0.7508081226688769, 0.7489846663903854, 0.7530045586406963]
accuracy_test : [0.7430797281617769, 0.757334659373446, 0.7521551724137931, 0.759449602122016, 0.743368700265252]
end
