dataset : data/adult_binary.csv
label_name : income > 50K
sensitive_group : 
time_limit : 3600
lambda_bound : 9
n_folds : 5
nb_samples : 30162
nb_features : 82
optimality_gap : [0.9071067496063188, 0.8723219416942386, 0.8826049378042562, 0.9221574712871592, 0.9105745117465587]
execution_time : [3600.049260854721, 3600.041955947876, 3600.044848918915, 3600.0416429042816, 3600.031196832657]
objective_function : [0.24692279000372763, 0.22325293215632486, 0.24919187733112622, 0.25101533360961775, 0.24699544135930684]
sparsity : [0, 3, 0, 0, 0]
accuracy_train : [0.75307720999627, 0.8067470678436736, 0.7508081226688769, 0.7489846663903854, 0.7530045586406963]
accuracy_test : [0.7430797281617769, 0.8170064644455495, 0.7521551724137931, 0.759449602122016, 0.743368700265252]
end
