dataset : data/adult_binary.csv
label_name : income > 50K
sensitive_group : 
time_limit : 3600
lambda_bound : 9
n_folds : 5
nb_samples : 30162
nb_features : 82
optimality_gap : [0.9104959324835571, 0.8908813779733461, 0.9052683022558289, 0.9260552435149334, 0.9025064001662985]
execution_time : [3600.133342027664, 3600.067430973053, 3600.0492930412292, 3600.047436952591, 3600.033268928528]
objective_function : [0.24546823324629893, 0.21425293215632485, 0.21967384997928033, 0.25063862411935506, 0.2463700787401591]
sparsity : [1, 3, 3, 1, 1]
accuracy_train : [0.7615317667536988, 0.8067470678436736, 0.801326150020721, 0.7563613758806464, 0.7606299212598425]
accuracy_test : [0.7540195590916625, 0.8170064644455495, 0.7952586206896551, 0.7667440318302388, 0.7496684350132626]
end
