dataset : data/adult_binary.csv
label_name : income > 50K
sensitive_group : 
time_limit : 3600
lambda_bound : 9
n_folds : 5
nb_samples : 30162
nb_features : 82
optimality_gap : [0.8955927958316467, 0.8387419508479627, 0.8863898229356026, 0.8939457387295507, 0.8925377127082768]
execution_time : [3600.0722250938416, 3600.0606911182404, 3600.0250329971313, 3600.034970998764, 3600.0574898719788]
objective_function : [0.2425831986406378, 0.23610323676903117, 0.20484666390385547, 0.20309158723580734, 0.2443700787401591]
sparsity : [2, 3, 3, 4, 1]
accuracy_train : [0.7674168013593601, 0.7788967632309669, 0.8101533360961459, 0.8169084127641939, 0.7606299212598425]
accuracy_test : [0.7611470246974971, 0.7742416708105421, 0.8033819628647215, 0.8163129973474801, 0.7496684350132626]
end
