dataset : data/adult_binary.csv
label_name : income > 50K
sensitive_group : 
time_limit : 3600
lambda_bound : 9
n_folds : 5
nb_samples : 30162
nb_features : 82
optimality_gap : [0.917507722812554, 0.9229958175764363, 0.9175216644502241, 0.8934346803156622, 0.9139433535300355]
execution_time : [3600.0402281284332, 3600.0053839683533, 3600.0452768802643, 3600.036516904831, 3600.0365931987762]
objective_function : [0.20565800489037936, 0.20187057068257963, 0.2150070451719864, 0.2027331123083312, 0.19824119353501995]
sparsity : [6, 5, 8, 5, 4]
accuracy_train : [0.8123419951096191, 0.8131294293174188, 0.8089929548280149, 0.8122668876916701, 0.8137588064649813]
accuracy_test : [0.8123653240510526, 0.8186640145864412, 0.8038793103448276, 0.817473474801061, 0.8070291777188329]
end
