dataset : data/adult_binary.csv
label_name : income > 50K
sensitive_group : 
time_limit : 3600
lambda_bound : 9
n_folds : 5
nb_samples : 30162
nb_features : 82
optimality_gap : [0.8100294363533342, 0.8163599908249459, 0.8173193328855479, 0.8191056695665795, 0.8221009819740261]
execution_time : [3600.021327018738, 3600.0444009304047, 3600.0038571357727, 3600.003650903702, 3600.007644176483]
objective_function : [0.18790264826557115, 0.18620344813295067, 0.19284666390385624, 0.1940953170327407, 0.19024119353501995]
sparsity : [7, 7, 3, 4, 4]
accuracy_train : [0.8190973517344274, 0.8207965518670479, 0.8101533360961459, 0.8099046829672607, 0.8137588064649813]
accuracy_test : [0.8189955246146196, 0.8291065804740594, 0.8033819628647215, 0.8144893899204244, 0.8070291777188329]
end
