dataset : data/adult_binary.csv
label_name : income > 50K
sensitive_group : 
time_limit : 3600
lambda_bound : 9
n_folds : 5
nb_samples : 30162
nb_features : 82
optimality_gap : [0.8407965742652049, 0.814223025842819, 0.7880997281971086, 0.8068040950196625, 0.7999416404702717]
execution_time : [3600.0865581035614, 3600.0034470558167, 3600.044830799103, 3600.0374932289124, 3600.0297820568085]
objective_function : [0.19311496124994665, 0.19202832690952643, 0.18160949026108703, 0.18637082469954536, 0.18425727310402112]
sparsity : [3, 5, 7, 8, 8]
accuracy_train : [0.8089850387500518, 0.8114716730904721, 0.8232905097389143, 0.8192291753004559, 0.8213427268959801]
accuracy_test : [0.808055693684734, 0.8163434443891928, 0.8129973474801061, 0.8231100795755968, 0.8134946949602122]
end
