dataset : data/adult_binary.csv
label_name : income > 50K
sensitive_group : 
time_limit : 3600
lambda_bound : 9
n_folds : 5
nb_samples : 30162
nb_features : 82
optimality_gap : [0.8236757011863315, 0.8381346905846045, 0.7640579007079367, 0.7745047137150091, 0.7911553429368455]
execution_time : [3600.030412197113, 3600.0318598747253, 3600.0353960990906, 3600.031625032425, 3600.039004087448]
objective_function : [0.1843999751336552, 0.18056707696133154, 0.17888872772482506, 0.1862186075424795, 0.18067074181516907]
sparsity : [6, 14, 9, 7, 9]
accuracy_train : [0.8186000248663434, 0.8264329230386671, 0.8256112722751762, 0.8172813924575217, 0.8238292581848322]
accuracy_test : [0.8186640145864412, 0.8365655561080723, 0.8131631299734748, 0.8247679045092838, 0.8161472148541115]
end
