dataset : data/adult_binary.csv
label_name : income > 50K
sensitive_group : 
time_limit : 3600
lambda_bound : 9
n_folds : 5
nb_samples : 30162
nb_features : 82
optimality_gap : [0.8088141114507402, 0.8274783645443522, 0.9363814349780557, 0.9212763706143969, 0.798715282283817]
execution_time : [3600.02157497406, 3600.2902500629425, 3600.2394461631775, 3600.1681458950043, 3600.906235933304]
objective_function : [0.18276387749181344, 0.18140237473579376, 0.17862652300041562, 0.18738619975134815, 0.18045544964774266]
sparsity : [8, 17, 22, 11, 10]
accuracy_train : [0.8196361225081852, 0.8236976252642049, 0.8279734769995856, 0.8159138002486531, 0.8225445503522586]
accuracy_test : [0.8176694845019061, 0.8329189457981104, 0.8189655172413793, 0.814157824933687, 0.8134946949602122]
end
