dataset : data/adult_binary.csv
label_name : income > 50K
sensitive_group : 
time_limit : 3600
lambda_bound : 9
n_folds : 5
nb_samples : 30162
nb_features : 82
optimality_gap : [0.7910016545330549, 0.8027378239761236, 0.7663341453172737, 0.8025019953002047, 0.7874181486589821]
execution_time : [3600.0439829826355, 3600.0856988430023, 3600.021672964096, 3600.029515028, 3600.0470860004425]
objective_function : [0.17836360396203604, 0.17054781797836505, 0.17179133858267825, 0.17654459179444779, 0.17418508081226808]
sparsity : [26, 27, 25, 17, 22]
accuracy_train : [0.8242363960379626, 0.8321521820216338, 0.8307086614173228, 0.8251554082055532, 0.8280149191877331]
accuracy_test : [0.8262887452345433, 0.8282778054036135, 0.8169761273209549, 0.8305702917771883, 0.8227785145888594]
end
