dataset : data/german_credit_binary.csv
label_name : Risk == good
sensitive_group : 
time_limit : 3600
lambda_bound : 9
n_folds : 5
nb_samples : 1000
nb_features : 33
optimality_gap : [0.2220621144883074, 0.22458799544136784, 0.21217880300638278, 0.22320037836600765, 0.24353483565561335]
execution_time : [3600.00420999527, 3600.0022320747375, 3600.0021340847015, 3600.002063035965, 3600.004117012024]
objective_function : [0.29500000000000004, 0.2975000000000001, 0.2897500000000003, 0.28475, 0.28775000000000006]
sparsity : [5, 5, 3, 3, 2]
accuracy_train : [0.74, 0.7375, 0.73125, 0.73625, 0.72625]
accuracy_test : [0.735, 0.75, 0.73, 0.7, 0.695]
end
