dataset : data/german_credit_binary.csv
label_name : Risk == good
sensitive_group : 
time_limit : 3600
lambda_bound : 9
n_folds : 5
nb_samples : 1000
nb_features : 33
optimality_gap : [0.24273626759064473, 0.28425473519626654, 0.2413613956234053, 0.2608017227914304, 0.25884675273284674]
execution_time : [3600.0020320415497, 3600.0020270347595, 3600.0019149780273, 3600.002100944519, 3600.0019528865814]
objective_function : [0.28625000000000006, 0.3000000000000001, 0.28250000000000003, 0.2775, 0.2737500000000002]
sparsity : [5, 1, 4, 5, 6]
accuracy_train : [0.73875, 0.705, 0.7375, 0.7475, 0.75625]
accuracy_test : [0.73, 0.725, 0.725, 0.705, 0.685]
end
