dataset : data/german_credit_binary.csv
label_name : Risk == good
sensitive_group : 
time_limit : 3600
lambda_bound : 9
n_folds : 5
nb_samples : 1000
nb_features : 33
optimality_gap : [0.2808246352691948, 0.25503458440501026, 0.2560826501413125, 0.2918056967815503, 0.29520300850287595]
execution_time : [3600.002609014511, 3600.0021529197693, 3600.0027289390564, 3600.002027988434, 3600.0031440258026]
objective_function : [0.2735, 0.26449999999999996, 0.26600000000000007, 0.26025000000000004, 0.2665000000000006]
sparsity : [7, 9, 7, 8, 8]
accuracy_train : [0.7475, 0.7625, 0.755, 0.76375, 0.7575]
accuracy_test : [0.72, 0.74, 0.7, 0.7, 0.69]
end
