dataset : data/german_credit_binary.csv
label_name : Risk == good
sensitive_group : 
time_limit : 3600
lambda_bound : 9
n_folds : 5
nb_samples : 1000
nb_features : 33
optimality_gap : [0.27093138725672417, 0.267614008547964, 0.31821930922395114, 0.3628755116232106, 0.2984406908542799]
execution_time : [3600.004317998886, 3600.0036368370056, 3600.003236055374, 3600.002627849579, 3600.00550699234]
objective_function : [0.24475000000000005, 0.24025000000000032, 0.25275000000000003, 0.25525000000000003, 0.24175000000000005]
sparsity : [16, 14, 19, 14, 18]
accuracy_train : [0.77125, 0.77375, 0.76625, 0.75875, 0.77625]
accuracy_test : [0.73, 0.73, 0.72, 0.72, 0.72]
end
