dataset : data/german_credit_binary.csv
label_name : Risk == good
sensitive_group : 
time_limit : 3600
lambda_bound : 9
n_folds : 5
nb_samples : 1000
nb_features : 33
optimality_gap : [0.29181976368633833, 0.24674147049295797, 0.2898923453340862, 0.29360231041935997, 0.2900793859600236]
execution_time : [3600.0043909549713, 3600.0031230449677, 3600.0015029907227, 3600.002991914749, 3600.001984834671]
objective_function : [0.23955000000000004, 0.23260000000000003, 0.24285000000000004, 0.22915000000000005, 0.22785000000000002]
sparsity : [19, 18, 12, 22, 13]
accuracy_train : [0.77375, 0.78, 0.76625, 0.78625, 0.78125]
accuracy_test : [0.75, 0.715, 0.735, 0.71, 0.71]
end
