dataset : data/german_credit_binary.csv
label_name : Risk == good
sensitive_group : 
time_limit : 3600
lambda_bound : 9
n_folds : 5
nb_samples : 1000
nb_features : 33
optimality_gap : [0.30454303615109746, 0.28350425738976226, 0.2755945402926561, 0.2815082448594102, 0.28867938320728687]
execution_time : [3600.003114938736, 3600.005573987961, 3600.003354072571, 3600.0021941661835, 3600.0033328533173]
objective_function : [0.24225000000000022, 0.23775000000000013, 0.22975000000000012, 0.22225000000000003, 0.22550000000000003]
sparsity : [12, 13, 22, 17, 16]
accuracy_train : [0.76375, 0.76875, 0.78125, 0.78625, 0.7825]
accuracy_test : [0.72, 0.695, 0.73, 0.695, 0.73]
end
