dataset : data/german_credit_binary.csv
label_name : Risk == good
sensitive_group : 
time_limit : 3600
lambda_bound : 9
n_folds : 5
nb_samples : 1000
nb_features : 33
optimality_gap : [0.29006873708675784, 0.24725786008114733, 0.2687936859295376, 0.2910269106428778, 0.3368674405302135]
execution_time : [3600.0012109279633, 3600.0029220581055, 3600.0014159679413, 3600.00332903862, 3600.002599000931]
objective_function : [0.23445000000000008, 0.22230000000000036, 0.22915000000000008, 0.2204000000000001, 0.23450000000000007]
sparsity : [18, 16, 18, 18, 15]
accuracy_train : [0.77125, 0.7825, 0.77625, 0.785, 0.77]
accuracy_test : [0.735, 0.73, 0.69, 0.69, 0.69]
end
