dataset : data/german_credit_binary.csv
label_name : Risk == good
sensitive_group : 
time_limit : 3600
lambda_bound : 9
n_folds : 5
nb_samples : 1000
nb_features : 33
optimality_gap : [0.290681852137929, 0.25672545659595936, 0.27335000371170437, 0.3090315001721621, 0.2766585302523189]
execution_time : [3600.0030801296234, 3600.0040469169617, 3600.0028281211853, 3600.0013740062714, 3600.0024609565735]
objective_function : [0.2332500000000002, 0.21795, 0.22230000000000003, 0.2169000000000004, 0.21710000000000002]
sparsity : [20, 17, 23, 19, 21]
accuracy_train : [0.76875, 0.78375, 0.78, 0.785, 0.785]
accuracy_test : [0.715, 0.72, 0.685, 0.7, 0.725]
end
