dataset : data/synthetic.csv
labels_name : ['L1', 'L2', 'L3']
s : 3.0
sp : 0.01
a : 1.0
sensitive_groups : ['A1']
sensitive_labels : ['L1']
time_limit : 3600
lambda_bound : 9
n_folds : 5
nb_samples : 642
nb_features : 7
nb_labels : 3
optimality_gap : [0.4469507271828381, 0.5405797913385867, 0.4832676636356516, 0.46123569987997476, 0.582876701101685]
execution_time : [3600.0023839473724, 3600.0010888576508, 3600.0017318725586, 3600.0080099105835, 3600.0014979839325]
objective_function : [0.19883040935672514, 0.1888672298029023, 0.23735408560311286, 0.2159533073929961, 0.2704280155642023]
sparsity : [9, 8, 9, 9, 9]
accuracy_train : [0.8031189083820662, 0.8128654970760234, 0.7645914396887159, 0.7859922178988327, 0.7315175097276264]
balanced_accuracy_train : [0.8004102771051924, 0.8164317515357777, 0.7527827469687934, 0.7830842614784529, 0.7232836141057334]
accuracy_test : [0.7596899224806202, 0.7906976744186046, 0.7578125, 0.8671875, 0.7578125]
balanced_accuracy_test : [0.7552532123960695, 0.7737403100775193, 0.7763593380614657, 0.8663558663558663, 0.741101209089014]
overall_misclassification_rate_train : [0.024345366625102643, 0.05569239189928846, 0.003455330756990227, 0.07134300747547348, 0.22266139657444003]
statistical_parity_train : [0.009017365651896259, 0.006294471811713165, 0.00785026900053043, 0.0037756448164490974, 0.00810200960125998]
predictive_equality_train : [0.09994512278776238, 0.14814087457449593, 0.13088871912401323, 0.19095477386934673, 0.024154589371980676]
equal_opportunity_train : [0.232943469785575, 0.1834862385321101, 0.07687687687687694, 0.051724137931034475, 0.23728813559322032]
max_equalized_odds_train : [0.232943469785575, 0.1834862385321101, 0.13088871912401323, 0.19095477386934673, 0.23728813559322032]
mean_equalized_odds_train : [0.14350013700926825, 0.15916476976595453, 0.11449601992060222, 0.14653099119642218, 0.09215828894451628]
overall_misclassification_rate_test : [0.046461242176215695, 0.0503857280617165, 0.03125, 0.0879765395894428, 0.1]
statistical_parity_test : [0.05536831969186329, 0.22468659594985535, 0.109375, 0.09824046920821117, 0.0303921568627451]
predictive_equality_test : [0.07925407925407926, 0.016246498599439774, 0.10416666666666667, 0.1320754716981132, 0.022222222222222223]
equal_opportunity_test : [0.25, 0.1515151515151515, 0.14516129032258063, 0.038461538461538436, 0.175]
max_equalized_odds_test : [0.25, 0.1515151515151515, 0.14516129032258063, 0.1320754716981132, 0.175]
mean_equalized_odds_test : [0.12558049185956163, 0.061336049571343684, 0.11921938004032256, 0.10355247641509432, 0.06877170138888888]
end
