dataset : data/synthetic.csv
labels_name : ['L1', 'L2', 'L3']
s : 3.0
sp : 0.02
a : 1.0
sensitive_groups : ['A1']
sensitive_labels : ['L1']
time_limit : 3600
lambda_bound : 9
n_folds : 5
nb_samples : 642
nb_features : 7
nb_labels : 3
optimality_gap : [0.39785958209418004, 0.29817235108420276, 0.45130234631535215, 0.4490040112729539, 0.5521280119325631]
execution_time : [3600.0016651153564, 3600.0074458122253, 3600.002767086029, 3600.0014548301697, 3600.002475976944]
objective_function : [0.1793372319688109, 0.16915746155512235, 0.20428015564202334, 0.2001729355814959, 0.2470817120622568]
sparsity : [9, 7, 9, 8, 9]
accuracy_train : [0.8226120857699805, 0.8323586744639376, 0.7976653696498055, 0.8015564202334631, 0.754863813229572]
balanced_accuracy_train : [0.8202515469464622, 0.8295253269547721, 0.7843371099185052, 0.800613280699281, 0.7560619865603044]
accuracy_test : [0.7829457364341085, 0.7829457364341085, 0.7421875, 0.828125, 0.78125]
balanced_accuracy_test : [0.7974300831443689, 0.7721083231334149, 0.7634357762017338, 0.8284770784770785, 0.7697258703356264]
overall_misclassification_rate_train : [0.0606277181350932, 0.11617405582922825, 0.12625596726528757, 0.13248115968399826, 0.06078778792421971]
statistical_parity_train : [0.014309175511693695, 0.01778872468527637, 0.015503523528074575, 0.01451121321020793, 0.0038162736813411313]
predictive_equality_train : [0.15070654410755932, 0.038524482848913334, 0.058823529411764705, 0.2163133548537389, 0.16996047430830039]
equal_opportunity_train : [0.16666666666666663, 0.3552797265695269, 0.2648648648648648, 0.026580459770114917, 0.16249078850405307]
max_equalized_odds_train : [0.16666666666666663, 0.3552797265695269, 0.2648648648648648, 0.2163133548537389, 0.16996047430830039]
mean_equalized_odds_train : [0.15593325091054186, 0.13731754131928015, 0.12135747558040988, 0.15577601089709622, 0.16757715043301524]
overall_misclassification_rate_test : [0.12253249879634089, 0.22058823529411764, 0.09375, 0.1324535679374389, 0.08823529411764705]
statistical_parity_test : [0.06307173808377464, 0.18900675024108007, 0.109375, 0.05376344086021506, 0.024509803921568596]
predictive_equality_test : [0.17016317016317015, 0.08571428571428572, 0.020833333333333332, 0.17976939203354297, 0.1313131313131313]
equal_opportunity_test : [0.1428571428571429, 0.36363636363636365, 0.0463709677419355, 0.038461538461538436, 0.04166666666666674]
max_equalized_odds_test : [0.17016317016317015, 0.36363636363636365, 0.0463709677419355, 0.17976939203354297, 0.1313131313131313]
mean_equalized_odds_test : [0.16275455810339534, 0.17835497835497835, 0.03021043346774194, 0.13671465539832284, 0.10399897411616163]
end
