dataset : data/synthetic.csv
labels_name : ['L1', 'L2', 'L3']
s : 3.0
sp : 0.12
a : 1.0
sensitive_groups : ['A1']
sensitive_labels : ['L1']
time_limit : 3600
lambda_bound : 9
n_folds : 5
nb_samples : 642
nb_features : 7
nb_labels : 3
optimality_gap : [0.12159788225341164, 0.0, 0.022928509613044438, 0.13459075518422306, 0.3131154367777263]
execution_time : [3600.0015931129456, 203.7912459373474, 3600.0014867782593, 3600.0013761520386, 3600.0013389587402]
objective_function : [0.1206411089452025, 0.10872861165258825, 0.12624297449200172, 0.13813229571984434, 0.1517509727626459]
sparsity : [8, 7, 8, 9, 9]
accuracy_train : [0.8810916179337231, 0.8927875243664717, 0.8754863813229572, 0.8638132295719845, 0.8501945525291829]
balanced_accuracy_train : [0.8797753564702718, 0.8941086602881055, 0.8759433448105617, 0.862979415529435, 0.8502508261759734]
accuracy_test : [0.8604651162790697, 0.8372093023255814, 0.875, 0.90625, 0.890625]
balanced_accuracy_test : [0.8627362055933485, 0.8243319053447573, 0.878408195429472, 0.9044030044030045, 0.8847977902855951]
overall_misclassification_rate_train : [0.058894194215504396, 0.009031198686371103, 0.0756838675456543, 0.05881817768275485, 0.055048233459028054]
statistical_parity_train : [0.1185639122897722, 0.11699507389162561, 0.11717814654845798, 0.11916784181716172, 0.11844077961019489]
predictive_equality_train : [0.011935793661681987, 0.04349960722702278, 0.10491469314998726, 0.020799361043628742, 0.04067430154386676]
equal_opportunity_train : [0.1842105263157895, 0.12844036697247707, 0.05405405405405406, 0.2068965517241379, 0.22881355932203384]
max_equalized_odds_train : [0.1842105263157895, 0.12844036697247707, 0.10491469314998726, 0.2068965517241379, 0.22881355932203384]
mean_equalized_odds_train : [0.06835324996945988, 0.0699918519819403, 0.08947839023371182, 0.08017667480161221, 0.10070316978437144]
overall_misclassification_rate_test : [0.00770341839191141, 0.026518804243008676, 0.03125, 0.05131964809384164, 0.1450980392156863]
statistical_parity_test : [0.16345690900337026, 0.2066055930568949, 0.140625, 0.11241446725317694, 0.016666666666666663]
predictive_equality_test : [0.057808857808857805, 0.05154061624649861, 0.06439393939393939, 0.028825995807127885, 0.023232323232323233]
equal_opportunity_test : [0.1785714285714286, 0.09090909090909094, 0.06451612903225812, 0.1923076923076923, 0.375]
max_equalized_odds_test : [0.1785714285714286, 0.09090909090909094, 0.06451612903225812, 0.1923076923076923, 0.375]
mean_equalized_odds_test : [0.09057389638784988, 0.06466344113402939, 0.06443880590175954, 0.0786368252096436, 0.13041153724747476]
end
