dataset : data/customer.csv
labels_name : ['A', 'B', 'C', 'D']
s : 3.0
sp : 0.02
a : 1.0
sensitive_groups : ['Gender == Female']
sensitive_labels : ['A', 'B', 'C', 'D']
time_limit : 3600
lambda_bound : 9
n_folds : 5
nb_samples : 4765
nb_features : 33
nb_labels : 4
optimality_gap : [0.9932377387622389, 0.9898553656823034, 0.9894624640693077, 0.9904194476415203, 0.9903047894581941]
execution_time : [3600.2860131263733, 3600.222476005554, 3600.204946041107, 3600.094908952713, 3600.010973930359]
objective_function : [0.7093607904861847, 0.7075244840853453, 0.711984085344527, 0.5085038474991235, 0.7151320391745374]
sparsity : [1, 1, 1, 5, 1]
accuracy_train : [0.2906610703043022, 0.29249737670514164, 0.28803777544596015, 0.49160545645330533, 0.2848898216159496]
balanced_accuracy_train : [0.25, 0.25, 0.25, 0.4568455138592937, 0.25]
accuracy_test : [0.2812172088142707, 0.2738719832109129, 0.291710388247639, 0.5036726128016789, 0.304302203567681]
balanced_accuracy_test : [0.25, 0.25, 0.25, 0.4557301991124549, 0.25]
overall_misclassification_rate_train : [0.06429401611111296, 0.061258034137434025, 0.06483902979455436, 0.032568417587501536, 0.0535418392709196]
statistical_parity_train : [0.0, 0.0, 0.0, 0.011040009608711876, 0.0]
predictive_equality_train : [0.0, 0.0, 0.0, 0.03927378655995681, 0.0]
equal_opportunity_train : [0.0, 0.0, 0.0, 0.035950301763377046, 0.0]
max_equalized_odds_train : [0.0, 0.0, 0.0, 0.03927378655995681, 0.0]
mean_equalized_odds_train : [0.0, 0.0, 0.0, 0.02867139560869719, 0.0]
overall_misclassification_rate_test : [0.050719246031746046, 0.07222557433740692, 0.04908855207195684, 0.039408537401311394, 0.09461678427195663]
statistical_parity_test : [0.0, 0.0, 0.0, 0.03759311298452206, 0.0]
predictive_equality_test : [0.0, 0.0, 0.0, 0.032601419199357384, 0.0]
equal_opportunity_test : [0.0, 0.0, 0.0, 0.13434343434343435, 0.0]
max_equalized_odds_test : [0.0, 0.0, 0.0, 0.13434343434343435, 0.0]
mean_equalized_odds_test : [0.0, 0.0, 0.0, 0.03834201970030195, 0.0]
end
