dataset : data/customer.csv
labels_name : ['A', 'B', 'C', 'D']
s : 3.0
sp : 0.04
a : 1.0
sensitive_groups : ['Gender == Female']
sensitive_labels : ['A', 'B', 'C', 'D']
time_limit : 3600
lambda_bound : 9
n_folds : 5
nb_samples : 4765
nb_features : 33
nb_labels : 4
optimality_gap : [0.990339974314488, 0.9917102505775391, 0.9895718652711072, 0.9932080413192137, 0.9931636949268137]
execution_time : [3600.1393468379974, 3600.0125238895416, 3600.2504930496216, 3600.109442949295, 3600.1787960529327]
objective_function : [0.7093607904861847, 0.582480762504371, 0.711984085344527, 0.7122464148303611, 0.7151320391745374]
sparsity : [1, 5, 1, 1, 1]
accuracy_train : [0.2906610703043022, 0.4176285414480588, 0.28803777544596015, 0.28777544596012594, 0.2848898216159496]
balanced_accuracy_train : [0.25, 0.3769264629013178, 0.25, 0.25, 0.25]
accuracy_test : [0.2812172088142707, 0.40713536201469047, 0.291710388247639, 0.29275970619097585, 0.304302203567681]
balanced_accuracy_test : [0.25, 0.37889488990444536, 0.25, 0.25, 0.25]
overall_misclassification_rate_train : [0.06429401611111296, 0.024691728096228938, 0.06483902979455436, 0.06446289079876866, 0.0535418392709196]
statistical_parity_train : [0.0, 0.01268836525616679, 0.0, 0.0, 0.0]
predictive_equality_train : [0.0, 0.01704825159587775, 0.0, 0.0, 0.0]
equal_opportunity_train : [0.0, 0.049546928952600156, 0.0, 0.0, 0.0]
max_equalized_odds_train : [0.0, 0.049546928952600156, 0.0, 0.0, 0.0]
mean_equalized_odds_train : [0.0, 0.025386054968090373, 0.0, 0.0, 0.0]
overall_misclassification_rate_test : [0.050719246031746046, 0.07222557433740692, 0.04908855207195684, 0.05031892591105758, 0.09461678427195663]
statistical_parity_test : [0.0, 0.007330625624769271, 0.0, 0.0, 0.0]
predictive_equality_test : [0.0, 0.03614254348927548, 0.0, 0.0, 0.0]
equal_opportunity_test : [0.0, 0.055258228525555286, 0.0, 0.0, 0.0]
max_equalized_odds_test : [0.0, 0.055258228525555286, 0.0, 0.0, 0.0]
mean_equalized_odds_test : [0.0, 0.03962649442338693, 0.0, 0.0, 0.0]
end
