dataset : data/customer.csv
labels_name : ['A', 'B', 'C', 'D']
s : 3.0
sp : 0.06
a : 1.0
sensitive_groups : ['Gender == Female']
sensitive_labels : ['A', 'B', 'C', 'D']
time_limit : 3600
lambda_bound : 9
n_folds : 5
nb_samples : 4765
nb_features : 33
nb_labels : 4
optimality_gap : [0.9900460980207189, 0.9931679867418305, 0.9902775934061965, 0.9932071040694015, 0.9896095424322655]
execution_time : [3600.0432789325714, 3600.0126140117645, 3600.08407497406, 3600.1247930526733, 3600.007910013199]
objective_function : [0.7087049667715992, 0.7075244840853453, 0.711984085344527, 0.7122464148303611, 0.7151320391745374]
sparsity : [7, 1, 1, 1, 1]
accuracy_train : [0.29144805876180485, 0.29249737670514164, 0.28803777544596015, 0.28777544596012594, 0.2848898216159496]
balanced_accuracy_train : [0.25091266704410714, 0.25, 0.25, 0.25, 0.25]
accuracy_test : [0.28226652675760755, 0.2738719832109129, 0.291710388247639, 0.29275970619097585, 0.304302203567681]
balanced_accuracy_test : [0.2515797269931748, 0.25, 0.25, 0.25, 0.25]
overall_misclassification_rate_train : [0.06347330545257202, 0.061258034137434025, 0.06483902979455436, 0.06446289079876866, 0.0535418392709196]
statistical_parity_train : [0.001177856301531213, 0.0, 0.0, 0.0, 0.0]
predictive_equality_train : [0.000981687436653167, 0.0, 0.0, 0.0, 0.0]
equal_opportunity_train : [0.005128205128205128, 0.0, 0.0, 0.0, 0.0]
max_equalized_odds_train : [0.005128205128205128, 0.0, 0.0, 0.0, 0.0]
mean_equalized_odds_train : [0.0016220934125611877, 0.0, 0.0, 0.0, 0.0]
overall_misclassification_rate_test : [0.058531746031746046, 0.07222557433740692, 0.04908855207195684, 0.05031892591105758, 0.09461678427195663]
statistical_parity_test : [0.0078125, 0.0, 0.0, 0.0, 0.0]
predictive_equality_test : [0.00819644137836828, 0.0, 0.0, 0.0, 0.0]
equal_opportunity_test : [0.01904761904761905, 0.0, 0.0, 0.0, 0.0]
max_equalized_odds_test : [0.01904761904761905, 0.0, 0.0, 0.0, 0.0]
mean_equalized_odds_test : [0.008402328947575453, 0.0, 0.0, 0.0, 0.0]
end
