dataset : data/customer.csv
labels_name : ['A', 'B', 'C', 'D']
s : 3.0
sp : 0.07
a : 1.0
sensitive_groups : ['Gender == Female']
sensitive_labels : ['A', 'B', 'C', 'D']
time_limit : 3600
lambda_bound : 9
n_folds : 5
nb_samples : 4765
nb_features : 33
nb_labels : 4
optimality_gap : [0.9932226667648595, 0.9879460829576935, 0.9895807019952226, 0.9907046529504113, 0.9898296991393243]
execution_time : [3600.2168340682983, 3600.1710538864136, 3600.1941249370575, 3600.015725851059, 3600.010807991028]
objective_function : [0.7093607904861847, 0.6743835257082899, 0.711984085344527, 0.7122464148303611, 0.7151320391745374]
sparsity : [1, 9, 1, 1, 1]
accuracy_train : [0.2906610703043022, 0.3279118572927597, 0.28803777544596015, 0.28777544596012594, 0.2848898216159496]
balanced_accuracy_train : [0.25, 0.28597025137829724, 0.25, 0.25, 0.25]
accuracy_test : [0.2812172088142707, 0.30849947534102834, 0.291710388247639, 0.29275970619097585, 0.304302203567681]
balanced_accuracy_test : [0.25, 0.2851309872325723, 0.25, 0.25, 0.25]
overall_misclassification_rate_train : [0.06429401611111296, 0.04713693692343435, 0.06483902979455436, 0.06446289079876866, 0.0535418392709196]
statistical_parity_train : [0.0, 0.03086174580692757, 0.0, 0.0, 0.0]
predictive_equality_train : [0.0, 0.029759070756015197, 0.0, 0.0, 0.0]
equal_opportunity_train : [0.0, 0.03310660326250536, 0.0, 0.0, 0.0]
max_equalized_odds_train : [0.0, 0.03310660326250536, 0.0, 0.0, 0.0]
mean_equalized_odds_train : [0.0, 0.03012679167950089, 0.0, 0.0, 0.0]
overall_misclassification_rate_test : [0.050719246031746046, 0.07222557433740692, 0.04908855207195684, 0.05031892591105758, 0.09461678427195663]
statistical_parity_test : [0.0, 0.04995001846164937, 0.0, 0.0, 0.0]
predictive_equality_test : [0.0, 0.051106232055395995, 0.0, 0.0, 0.0]
equal_opportunity_test : [0.0, 0.044322400990099015, 0.0, 0.0, 0.0]
max_equalized_odds_test : [0.0, 0.051106232055395995, 0.0, 0.0, 0.0]
mean_equalized_odds_test : [0.0, 0.045927514872238326, 0.0, 0.0, 0.0]
end
