dataset : data/customer.csv
labels_name : ['A', 'B', 'C', 'D']
s : 3.0
sp : 0.09
a : 1.0
sensitive_groups : ['Gender == Female']
sensitive_labels : ['A', 'B', 'C', 'D']
time_limit : 3600
lambda_bound : 9
n_folds : 5
nb_samples : 4765
nb_features : 33
nb_labels : 4
optimality_gap : [0.9895238952802172, 0.9931199642609227, 0.9904663409615151, 0.993207360005996, 0.9920633322682509]
execution_time : [3600.1864330768585, 3600.0130240917206, 3600.084702014923, 3600.2056789398193, 3600.1447010040283]
objective_function : [0.7093607904861847, 0.7075244840853453, 0.711984085344527, 0.7122464148303611, 0.6153375306051061]
sparsity : [1, 1, 1, 1, 8]
accuracy_train : [0.2906610703043022, 0.29249737670514164, 0.28803777544596015, 0.28777544596012594, 0.3848373557187828]
balanced_accuracy_train : [0.25, 0.25, 0.25, 0.25, 0.3706498432356032]
accuracy_test : [0.2812172088142707, 0.2738719832109129, 0.291710388247639, 0.29275970619097585, 0.3934942287513116]
balanced_accuracy_test : [0.25, 0.25, 0.25, 0.25, 0.36821254938324643]
overall_misclassification_rate_train : [0.06429401611111296, 0.061258034137434025, 0.06483902979455436, 0.06446289079876866, 0.04428245628101307]
statistical_parity_train : [0.0, 0.0, 0.0, 0.0, 0.04152078823351246]
predictive_equality_train : [0.0, 0.0, 0.0, 0.0, 0.037360744292011194]
equal_opportunity_train : [0.0, 0.0, 0.0, 0.0, 0.07317124847714385]
max_equalized_odds_train : [0.0, 0.0, 0.0, 0.0, 0.07317124847714385]
mean_equalized_odds_train : [0.0, 0.0, 0.0, 0.0, 0.030962154911197706]
overall_misclassification_rate_test : [0.050719246031746046, 0.07222557433740692, 0.04908855207195684, 0.05031892591105758, 0.062224293258776014]
statistical_parity_test : [0.0, 0.0, 0.0, 0.0, 0.04288377046997738]
predictive_equality_test : [0.0, 0.0, 0.0, 0.0, 0.03812915479582146]
equal_opportunity_test : [0.0, 0.0, 0.0, 0.0, 0.04040404040404033]
max_equalized_odds_test : [0.0, 0.0, 0.0, 0.0, 0.04040404040404033]
mean_equalized_odds_test : [0.0, 0.0, 0.0, 0.0, 0.03223829002947576]
end
