dataset : data/customer.csv
labels_name : ['A', 'B', 'C', 'D']
s : 3.0
sp : 0.1
a : 1.0
sensitive_groups : ['Gender == Female']
sensitive_labels : ['A', 'B', 'C', 'D']
time_limit : 3600
lambda_bound : 9
n_folds : 5
nb_samples : 4765
nb_features : 33
nb_labels : 4
optimality_gap : [0.991096307528071, 0.9902353928934642, 0.989502990344006, 0.9904832034933858, 0.990434676103601]
execution_time : [3600.009855031967, 3600.2971620559692, 3600.142352104187, 3600.1979508399963, 3600.00838303566]
objective_function : [0.7093607904861847, 0.6462486883525707, 0.711984085344527, 0.7122464148303611, 0.7151320391745374]
sparsity : [1, 6, 1, 1, 1]
accuracy_train : [0.2906610703043022, 0.35388247639034626, 0.28803777544596015, 0.28777544596012594, 0.2848898216159496]
balanced_accuracy_train : [0.25, 0.33448319002018534, 0.25, 0.25, 0.25]
accuracy_test : [0.2812172088142707, 0.3546694648478489, 0.291710388247639, 0.29275970619097585, 0.304302203567681]
balanced_accuracy_test : [0.25, 0.34031654399558786, 0.25, 0.25, 0.25]
overall_misclassification_rate_train : [0.06429401611111296, 0.09926872938990655, 0.06483902979455436, 0.06446289079876866, 0.0535418392709196]
statistical_parity_train : [0.0, 0.08081085634461282, 0.0, 0.0, 0.0]
predictive_equality_train : [0.0, 0.09136787242626879, 0.0, 0.0, 0.0]
equal_opportunity_train : [0.0, 0.2627997722047626, 0.0, 0.0, 0.0]
max_equalized_odds_train : [0.0, 0.2627997722047626, 0.0, 0.0, 0.0]
mean_equalized_odds_train : [0.0, 0.08175146768624122, 0.0, 0.0, 0.0]
overall_misclassification_rate_test : [0.050719246031746046, 0.09812141461262058, 0.04908855207195684, 0.05031892591105758, 0.09461678427195663]
statistical_parity_test : [0.0, 0.09287110166515072, 0.0, 0.0, 0.0]
predictive_equality_test : [0.0, 0.08295895963519678, 0.0, 0.0, 0.0]
equal_opportunity_test : [0.0, 0.35543007425742573, 0.0, 0.0, 0.0]
max_equalized_odds_test : [0.0, 0.35543007425742573, 0.0, 0.0, 0.0]
mean_equalized_odds_test : [0.0, 0.0929217793745504, 0.0, 0.0, 0.0]
end
