dataset : data/customer.csv
labels_name : ['A', 'B', 'C', 'D']
s : 3.0
sp : 0.12
a : 1.0
sensitive_groups : ['Gender == Female']
sensitive_labels : ['A', 'B', 'C', 'D']
time_limit : 3600
lambda_bound : 9
n_folds : 5
nb_samples : 4765
nb_features : 33
nb_labels : 4
optimality_gap : [0.9894541701168256, 0.9908316446912595, 0.9914163104520817, 0.9889253249302047, 0.9885094730921471]
execution_time : [3600.124393939972, 3600.1324059963226, 3600.007735967636, 3600.180729866028, 3600.00896191597]
objective_function : [0.7093607904861847, 0.7075244840853453, 0.5733866736621183, 0.7122464148303611, 0.6274921301154245]
sparsity : [1, 1, 9, 1, 12]
accuracy_train : [0.2906610703043022, 0.29249737670514164, 0.4438614900314795, 0.28777544596012594, 0.41684155299055614]
balanced_accuracy_train : [0.25, 0.25, 0.40923000652772523, 0.25, 0.41178131807447793]
accuracy_test : [0.2812172088142707, 0.2738719832109129, 0.4438614900314795, 0.29275970619097585, 0.3987408184679958]
balanced_accuracy_test : [0.25, 0.25, 0.40949865285728726, 0.25, 0.397350767605679]
overall_misclassification_rate_train : [0.06429401611111296, 0.061258034137434025, 0.0753327478437327, 0.06446289079876866, 0.048614266242617]
statistical_parity_train : [0.0, 0.0, 0.058833632341294906, 0.0, 0.11083308834665173]
predictive_equality_train : [0.0, 0.0, 0.05771314210524243, 0.0, 0.1054016625351033]
equal_opportunity_train : [0.0, 0.0, 0.12192935783571401, 0.0, 0.1056999288317626]
max_equalized_odds_train : [0.0, 0.0, 0.12192935783571401, 0.0, 0.1056999288317626]
mean_equalized_odds_train : [0.0, 0.0, 0.059828176585016137, 0.0, 0.10547724628184331]
overall_misclassification_rate_test : [0.050719246031746046, 0.07222557433740692, 0.045541319268710634, 0.05031892591105758, 0.0811920294678915]
statistical_parity_test : [0.0, 0.0, 0.0421272741802296, 0.0, 0.11505347712244265]
predictive_equality_test : [0.0, 0.0, 0.030294060435889406, 0.0, 0.11276884976715387]
equal_opportunity_test : [0.0, 0.0, 0.14028027308659724, 0.0, 0.10786914235190098]
max_equalized_odds_test : [0.0, 0.0, 0.14028027308659724, 0.0, 0.11276884976715387]
mean_equalized_odds_test : [0.0, 0.0, 0.05458433549600484, 0.0, 0.11185368930554314]
end
