dataset : data/customer.csv
labels_name : ['A', 'B', 'C', 'D']
s : 3.0
sp : 0.15
a : 1.0
sensitive_groups : ['Gender == Female']
sensitive_labels : ['A', 'B', 'C', 'D']
time_limit : 3600
lambda_bound : 9
n_folds : 5
nb_samples : 4765
nb_features : 33
nb_labels : 4
optimality_gap : [0.9894543925454985, 0.9909709564531048, 0.9894232199870647, 0.9931285667000619, 0.9858210825059068]
execution_time : [3600.0100481510162, 3600.1804299354553, 3600.0075900554657, 3600.0096740722656, 3600.1399359703064]
objective_function : [0.7093607904861847, 0.7075244840853453, 0.711984085344527, 0.7040923399790144, 0.485528156698144]
sparsity : [1, 1, 1, 12, 10]
accuracy_train : [0.2906610703043022, 0.29249737670514164, 0.28803777544596015, 0.31951731374606507, 0.5146904512067156]
balanced_accuracy_train : [0.25, 0.25, 0.25, 0.3085237812285724, 0.47855867641462446]
accuracy_test : [0.2812172088142707, 0.2738719832109129, 0.291710388247639, 0.310598111227702, 0.5424973767051416]
balanced_accuracy_test : [0.25, 0.25, 0.25, 0.3082500641970138, 0.4904763622372914]
overall_misclassification_rate_train : [0.06429401611111296, 0.061258034137434025, 0.06483902979455436, 0.02836460613178171, 0.03985042449510473]
statistical_parity_train : [0.0, 0.0, 0.0, 0.04867413121229913, 0.03290393849498002]
predictive_equality_train : [0.0, 0.0, 0.0, 0.06684642749839978, 0.03723127793394947]
equal_opportunity_train : [0.0, 0.0, 0.0, 0.08752823763444484, 0.08283551510707582]
max_equalized_odds_train : [0.0, 0.0, 0.0, 0.08752823763444484, 0.08283551510707582]
mean_equalized_odds_train : [0.0, 0.0, 0.0, 0.0514111471046256, 0.03715116497637431]
overall_misclassification_rate_test : [0.050719246031746046, 0.07222557433740692, 0.04908855207195684, 0.050260939381774394, 0.03021346469622331]
statistical_parity_test : [0.0, 0.0, 0.0, 0.06619831393014852, 0.1088004260418054]
predictive_equality_test : [0.0, 0.0, 0.0, 0.0740007271658325, 0.06816568047337279]
equal_opportunity_test : [0.0, 0.0, 0.0, 0.0883273703041145, 0.16434403153153154]
max_equalized_odds_test : [0.0, 0.0, 0.0, 0.0883273703041145, 0.16434403153153154]
mean_equalized_odds_test : [0.0, 0.0, 0.0, 0.06844118596255687, 0.08778323800129938]
end
