dataset : data/customer.csv
labels_name : ['A', 'B', 'C', 'D']
s : 3.0
sp : 0.2
a : 1.0
sensitive_groups : ['Gender == Female']
sensitive_labels : ['A', 'B', 'C', 'D']
time_limit : 3600
lambda_bound : 9
n_folds : 5
nb_samples : 4765
nb_features : 33
nb_labels : 4
optimality_gap : [0.9932586708776057, 0.988492827932972, 0.988991890481574, 0.9893573407959781, 0.9931576429925284]
execution_time : [3600.1959068775177, 3600.0074169635773, 3600.3706588745117, 3600.236619949341, 3600.193596839905]
objective_function : [0.7093607904861847, 0.7075244840853453, 0.711984085344527, 0.6237539349422869, 0.7151320391745374]
sparsity : [1, 1, 1, 9, 1]
accuracy_train : [0.2906610703043022, 0.29249737670514164, 0.28803777544596015, 0.37644281217208814, 0.2848898216159496]
balanced_accuracy_train : [0.25, 0.25, 0.25, 0.3533818660484981, 0.25]
accuracy_test : [0.2812172088142707, 0.2738719832109129, 0.291710388247639, 0.391395592864638, 0.304302203567681]
balanced_accuracy_test : [0.25, 0.25, 0.25, 0.3609241006579039, 0.25]
overall_misclassification_rate_train : [0.06429401611111296, 0.061258034137434025, 0.06483902979455436, 0.06397578248723287, 0.0535418392709196]
statistical_parity_train : [0.0, 0.0, 0.0, 0.19231770138258686, 0.0]
predictive_equality_train : [0.0, 0.0, 0.0, 0.17522212982010768, 0.0]
equal_opportunity_train : [0.0, 0.0, 0.0, 0.40314256613068883, 0.0]
max_equalized_odds_train : [0.0, 0.0, 0.0, 0.40314256613068883, 0.0]
mean_equalized_odds_train : [0.0, 0.0, 0.0, 0.1961009305980279, 0.0]
overall_misclassification_rate_test : [0.050719246031746046, 0.07222557433740692, 0.04908855207195684, 0.09621303358758196, 0.09461678427195663]
statistical_parity_test : [0.0, 0.0, 0.0, 0.20977742093759758, 0.0]
predictive_equality_test : [0.0, 0.0, 0.0, 0.19443863975146625, 0.0]
equal_opportunity_test : [0.0, 0.0, 0.0, 0.47287201469687695, 0.0]
max_equalized_odds_test : [0.0, 0.0, 0.0, 0.47287201469687695, 0.0]
mean_equalized_odds_test : [0.0, 0.0, 0.0, 0.21068743523582648, 0.0]
end
