dataset : data/customer.csv
labels_name : ['A', 'B', 'C', 'D']
s : 3.0
sp : 0.3
a : 1.0
sensitive_groups : ['Gender == Female']
sensitive_labels : ['A', 'B', 'C', 'D']
time_limit : 3600
lambda_bound : 9
n_folds : 5
nb_samples : 4765
nb_features : 33
nb_labels : 4
optimality_gap : [0.98947930279084, 0.9845194510483792, 0.9899103166682975, 0.989571628158161, 0.988552770865883]
execution_time : [3600.2575130462646, 3600.11857008934, 3600.1320679187775, 3600.0906100273132, 3600.112288951874]
objective_function : [0.7093607904861847, 0.44508569429870404, 0.711984085344527, 0.5364419377404669, 0.7151320391745374]
sparsity : [1, 8, 1, 11, 1]
accuracy_train : [0.2906610703043022, 0.5550891920251836, 0.28803777544596015, 0.46379853095487933, 0.2848898216159496]
balanced_accuracy_train : [0.25, 0.5177797390379273, 0.25, 0.42956450475927466, 0.25]
accuracy_test : [0.2812172088142707, 0.5320041972717734, 0.291710388247639, 0.4795383001049318, 0.304302203567681]
balanced_accuracy_test : [0.25, 0.5147938539279842, 0.25, 0.4316007076444113, 0.25]
overall_misclassification_rate_train : [0.06429401611111296, 0.03158810371735933, 0.06483902979455436, 0.09841923343831738, 0.0535418392709196]
statistical_parity_train : [0.0, 0.017860022476294868, 0.0, 0.21522291321909642, 0.0]
predictive_equality_train : [0.0, 0.04272755885177504, 0.0, 0.1588194568421603, 0.0]
equal_opportunity_train : [0.0, 0.03224024275400228, 0.0, 0.2854733019839172, 0.0]
max_equalized_odds_train : [0.0, 0.04272755885177504, 0.0, 0.2854733019839172, 0.0]
mean_equalized_odds_train : [0.0, 0.04003695152133911, 0.0, 0.19526732361039412, 0.0]
overall_misclassification_rate_test : [0.050719246031746046, 0.07222557433740692, 0.04908855207195684, 0.07327713100495115, 0.09461678427195663]
statistical_parity_test : [0.0, 0.010982429913275277, 0.0, 0.19229225210758727, 0.0]
predictive_equality_test : [0.0, 0.04657996959972979, 0.0, 0.10385756676557864, 0.0]
equal_opportunity_test : [0.0, 0.08810543216483802, 0.0, 0.3599764756201882, 0.0]
max_equalized_odds_test : [0.0, 0.08810543216483802, 0.0, 0.3599764756201882, 0.0]
mean_equalized_odds_test : [0.0, 0.04450283891189182, 0.0, 0.1763656097348964, 0.0]
end
