dataset : data/customer.csv
labels_name : ['A', 'B', 'C', 'D']
s : 3.0
sp : 0.4
a : 1.0
sensitive_groups : ['Gender == Female']
sensitive_labels : ['A', 'B', 'C', 'D']
time_limit : 3600
lambda_bound : 9
n_folds : 5
nb_samples : 4765
nb_features : 33
nb_labels : 4
optimality_gap : [0.9894792919844903, 0.9902226613022089, 0.988505083299938, 0.9898763616439314, 0.9890674566624668]
execution_time : [3600.224400997162, 3600.007894039154, 3600.1376061439514, 3600.181811094284, 3600.0077688694]
objective_function : [0.7093607904861847, 0.7075244840853453, 0.6421607205316542, 0.4778987408184659, 0.6023084994753403]
sparsity : [1, 1, 11, 9, 12]
accuracy_train : [0.2906610703043022, 0.29249737670514164, 0.3588667366211962, 0.5288562434417629, 0.4792759706190976]
balanced_accuracy_train : [0.25, 0.25, 0.35530109926538905, 0.49133078638619265, 0.46252571603513837]
accuracy_test : [0.2812172088142707, 0.2738719832109129, 0.3672612801678909, 0.5393494228751312, 0.49213011542497376]
balanced_accuracy_test : [0.25, 0.25, 0.3761511819533107, 0.49174964397265647, 0.47046084980456393]
overall_misclassification_rate_train : [0.06429401611111296, 0.061258034137434025, 0.11956848210197257, 0.026096994608444973, 0.05838032623317385]
statistical_parity_train : [0.0, 0.0, 0.13145262196810797, 0.031563061620313526, 0.04010320620751706]
predictive_equality_train : [0.0, 0.0, 0.15287911135864352, 0.027098898443321168, 0.06707939814346675]
equal_opportunity_train : [0.0, 0.0, 0.28892215568862273, 0.03992042887487779, 0.020157576569486024]
max_equalized_odds_train : [0.0, 0.0, 0.28892215568862273, 0.03992042887487779, 0.06707939814346675]
mean_equalized_odds_train : [0.0, 0.0, 0.13409501461790418, 0.03038836768835327, 0.05500429138479018]
overall_misclassification_rate_test : [0.050719246031746046, 0.07222557433740692, 0.11359136233273842, 0.05634060395200502, 0.13147383837039012]
statistical_parity_test : [0.0, 0.0, 0.1411834172415936, 0.06936973103171418, 0.07388274974481873]
predictive_equality_test : [0.0, 0.0, 0.15098183767843976, 0.06367090962238581, 0.1360218728639781]
equal_opportunity_test : [0.0, 0.0, 0.2883435582822086, 0.055400155400155415, 0.12654842342342343]
max_equalized_odds_test : [0.0, 0.0, 0.2883435582822086, 0.06367090962238581, 0.1360218728639781]
mean_equalized_odds_test : [0.0, 0.0, 0.14315739007876344, 0.061696879079867525, 0.11611157369068123]
end
