dataset : data/customer.csv
labels_name : ['A', 'B', 'C', 'D']
s : 3.0
sp : 0.5
a : 1.0
sensitive_groups : ['Gender == Female']
sensitive_labels : ['A', 'B', 'C', 'D']
time_limit : 3600
lambda_bound : 9
n_folds : 5
nb_samples : 4765
nb_features : 33
nb_labels : 4
optimality_gap : [0.9894793006587814, 0.9880504736192937, 0.9880526405185076, 0.9881192292873192, 0.9902528677055642]
execution_time : [3600.192085981369, 3600.2174410820007, 3601.201504945755, 3600.064810037613, 3600.18887090683]
objective_function : [0.7093607904861847, 0.44508569429870404, 0.5801853795033216, 0.5788737320741506, 0.7151320391745374]
sparsity : [1, 8, 8, 8, 1]
accuracy_train : [0.2906610703043022, 0.5550891920251836, 0.4199895068205666, 0.4294333683105981, 0.2848898216159496]
balanced_accuracy_train : [0.25, 0.5177797390379273, 0.4136591789146987, 0.3907433362658389, 0.25]
accuracy_test : [0.2812172088142707, 0.5320041972717734, 0.391395592864638, 0.4491080797481637, 0.304302203567681]
balanced_accuracy_test : [0.25, 0.5147938539279842, 0.37696505861332363, 0.4011827176727103, 0.25]
overall_misclassification_rate_train : [0.06429401611111296, 0.03158810371735933, 0.0645130670422708, 0.053122608943219685, 0.0535418392709196]
statistical_parity_train : [0.0, 0.017860022476294868, 0.032291189680537014, 0.2162004662004662, 0.0]
predictive_equality_train : [0.0, 0.04272755885177504, 0.07279347041109702, 0.16456692913385826, 0.0]
equal_opportunity_train : [0.0, 0.03224024275400228, 0.18581937602627252, 0.3632286995515695, 0.0]
max_equalized_odds_train : [0.0, 0.04272755885177504, 0.18581937602627252, 0.3632286995515695, 0.0]
mean_equalized_odds_train : [0.0, 0.04003695152133911, 0.05913043158347449, 0.21553524274050084, 0.0]
overall_misclassification_rate_test : [0.050719246031746046, 0.07222557433740692, 0.07486037487902117, 0.09247067219768945, 0.09461678427195663]
statistical_parity_test : [0.0, 0.010982429913275277, 0.06764604032924004, 0.2127659574468085, 0.0]
predictive_equality_test : [0.0, 0.04657996959972979, 0.11363636363636365, 0.1898523380546181, 0.0]
equal_opportunity_test : [0.0, 0.08810543216483802, 0.2065091049980628, 0.35454545454545455, 0.0]
max_equalized_odds_test : [0.0, 0.08810543216483802, 0.2065091049980628, 0.35454545454545455, 0.0]
mean_equalized_odds_test : [0.0, 0.04450283891189182, 0.09359069124528795, 0.20857895896566447, 0.0]
end
