dataset : data/customer.csv
labels_name : ['A', 'B', 'C', 'D']
s : 3.0
sp : 0.6
a : 1.0
sensitive_groups : ['Gender == Female']
sensitive_labels : ['A', 'B', 'C', 'D']
time_limit : 3600
lambda_bound : 9
n_folds : 5
nb_samples : 4765
nb_features : 33
nb_labels : 4
optimality_gap : [0.9932586708776057, 0.9891544385379407, 0.9930818966648192, 0.990014011413966, 0.9894797596219528]
execution_time : [3600.200212955475, 3600.778431892395, 3600.116478204727, 3601.0219218730927, 3600.1036870479584]
objective_function : [0.7093607904861847, 0.44508569429870404, 0.711984085344527, 0.7122464148303611, 0.6048224903812514]
sparsity : [1, 8, 1, 1, 7]
accuracy_train : [0.2906610703043022, 0.5550891920251836, 0.28803777544596015, 0.28777544596012594, 0.40320041972717735]
balanced_accuracy_train : [0.25, 0.5177797390379273, 0.25, 0.25, 0.36607312294146066]
accuracy_test : [0.2812172088142707, 0.5320041972717734, 0.291710388247639, 0.29275970619097585, 0.43441762854144805]
balanced_accuracy_test : [0.25, 0.5147938539279842, 0.25, 0.25, 0.3785213832516337]
overall_misclassification_rate_train : [0.06429401611111296, 0.03158810371735933, 0.06483902979455436, 0.06446289079876866, 0.0603379925345876]
statistical_parity_train : [0.0, 0.017860022476294868, 0.0, 0.0, 0.0063195428103090395]
predictive_equality_train : [0.0, 0.04272755885177504, 0.0, 0.0, 0.027174051196014126]
equal_opportunity_train : [0.0, 0.03224024275400228, 0.0, 0.0, 0.019806336129741864]
max_equalized_odds_train : [0.0, 0.04272755885177504, 0.0, 0.0, 0.027174051196014126]
mean_equalized_odds_train : [0.0, 0.04003695152133911, 0.0, 0.0, 0.02159638998215613]
overall_misclassification_rate_test : [0.050719246031746046, 0.07222557433740692, 0.04908855207195684, 0.05031892591105758, 0.06486930280033726]
statistical_parity_test : [0.0, 0.010982429913275277, 0.0, 0.0, 0.03773576532197223]
predictive_equality_test : [0.0, 0.04657996959972979, 0.0, 0.0, 0.015242165242165248]
equal_opportunity_test : [0.0, 0.08810543216483802, 0.0, 0.0, 0.06749156355455571]
max_equalized_odds_test : [0.0, 0.08810543216483802, 0.0, 0.0, 0.06749156355455571]
mean_equalized_odds_test : [0.0, 0.04450283891189182, 0.0, 0.0, 0.02418290221893388]
end
