dataset : data/customer.csv
labels_name : ['A', 'B', 'C', 'D']
s : 3.0
sp : 0.7
a : 1.0
sensitive_groups : ['Gender == Female']
sensitive_labels : ['A', 'B', 'C', 'D']
time_limit : 3600
lambda_bound : 9
n_folds : 5
nb_samples : 4765
nb_features : 33
nb_labels : 4
optimality_gap : [0.9921989577222731, 0.9931731401203144, 0.989287968569323, 0.9931845457994211, 0.9875764899136875]
execution_time : [3600.0120680332184, 3600.076560020447, 3600.009001016617, 3600.106041908264, 3600.1334190368652]
objective_function : [0.7093607904861847, 0.7075244840853453, 0.711984085344527, 0.7122464148303611, 0.6235571878279114]
sparsity : [1, 1, 1, 1, 12]
accuracy_train : [0.2906610703043022, 0.29249737670514164, 0.28803777544596015, 0.28777544596012594, 0.39979013641133265]
balanced_accuracy_train : [0.25, 0.25, 0.25, 0.25, 0.3858630750750287]
accuracy_test : [0.2812172088142707, 0.2738719832109129, 0.291710388247639, 0.29275970619097585, 0.4197271773347324]
balanced_accuracy_test : [0.25, 0.25, 0.25, 0.25, 0.40219573935918235]
overall_misclassification_rate_train : [0.06429401611111296, 0.061258034137434025, 0.06483902979455436, 0.06446289079876866, 0.19428111999002237]
statistical_parity_train : [0.0, 0.0, 0.0, 0.0, 0.3386150234741784]
predictive_equality_train : [0.0, 0.0, 0.0, 0.0, 0.30969267139479906]
equal_opportunity_train : [0.0, 0.0, 0.0, 0.0, 0.7728285077951003]
max_equalized_odds_train : [0.0, 0.0, 0.0, 0.0, 0.7728285077951003]
mean_equalized_odds_train : [0.0, 0.0, 0.0, 0.0, 0.33498778893125847]
overall_misclassification_rate_test : [0.050719246031746046, 0.07222557433740692, 0.04908855207195684, 0.05031892591105758, 0.22939688456929838]
statistical_parity_test : [0.0, 0.0, 0.0, 0.0, 0.38850574712643676]
predictive_equality_test : [0.0, 0.0, 0.0, 0.0, 0.33680473372781067]
equal_opportunity_test : [0.0, 0.0, 0.0, 0.0, 0.8503937007874016]
max_equalized_odds_test : [0.0, 0.0, 0.0, 0.0, 0.8503937007874016]
mean_equalized_odds_test : [0.0, 0.0, 0.0, 0.0, 0.3664423690098931]
end
