dataset : data/customer.csv
labels_name : ['A', 'B', 'C', 'D']
s : 5.0
sp : 0.01
a : 1.0
sensitive_groups : ['Gender == Female']
sensitive_labels : ['A', 'B', 'C', 'D']
time_limit : 3600
lambda_bound : 9
n_folds : 5
nb_samples : 4765
nb_features : 33
nb_labels : 4
optimality_gap : [0.9893782348527903, 0.9889031505833451, 0.9891677571921458, 0.991069950036485, 0.993178611281858]
execution_time : [3600.184357881546, 3600.2142050266266, 3600.0080840587616, 3600.1493768692017, 3600.1562809944153]
objective_function : [0.7093520461699903, 0.7075157397691508, 0.7115818467995811, 0.7122376705141666, 0.7151232948583429]
sparsity : [1, 1, 11, 1, 1]
accuracy_train : [0.2906610703043022, 0.29249737670514164, 0.2885624344176285, 0.28777544596012594, 0.2848898216159496]
balanced_accuracy_train : [0.25, 0.25, 0.2505176632152215, 0.25, 0.25]
accuracy_test : [0.2812172088142707, 0.2738719832109129, 0.2938090241343127, 0.29275970619097585, 0.304302203567681]
balanced_accuracy_test : [0.25, 0.25, 0.2520098923761036, 0.25, 0.25]
overall_misclassification_rate_train : [0.06429401611111296, 0.061258034137434025, 0.0647271279786551, 0.06446289079876866, 0.0535418392709196]
statistical_parity_train : [0.0, 0.0, 0.0005865102639296188, 0.0, 0.0]
predictive_equality_train : [0.0, 0.0, 8.938669282854139e-05, 0.0, 0.0]
equal_opportunity_train : [0.0, 0.0, 0.002277904328018223, 0.0, 0.0]
max_equalized_odds_train : [0.0, 0.0, 0.002277904328018223, 0.0, 0.0]
mean_equalized_odds_train : [0.0, 0.0, 0.0005629029058219218, 0.0, 0.0]
overall_misclassification_rate_test : [0.050719246031746046, 0.07222557433740692, 0.048711186880122215, 0.05031892591105758, 0.09461678427195663]
statistical_parity_test : [0.0, 0.0, 0.002304147465437788, 0.0, 0.0]
predictive_equality_test : [0.0, 0.0, 0.0003258074741996353, 0.0, 0.0]
equal_opportunity_test : [0.0, 0.0, 0.008695652173913044, 0.0, 0.0]
max_equalized_odds_test : [0.0, 0.0, 0.008695652173913044, 0.0, 0.0]
mean_equalized_odds_test : [0.0, 0.0, 0.0021533829098042793, 0.0, 0.0]
end
