dataset : data/customer.csv
labels_name : ['A', 'B', 'C', 'D']
s : 5.0
sp : 0.02
a : 1.0
sensitive_groups : ['Gender == Female']
sensitive_labels : ['A', 'B', 'C', 'D']
time_limit : 3600
lambda_bound : 9
n_folds : 5
nb_samples : 4765
nb_features : 33
nb_labels : 4
optimality_gap : [0.990786791585682, 0.9910665287352133, 0.9891414305158349, 0.9900608455775292, 0.993180122421669]
execution_time : [3600.3154289722443, 3600.456251859665, 3600.2324039936066, 3600.1343500614166, 3600.011850118637]
objective_function : [0.7093520461699903, 0.7075157397691508, 0.7119753410283325, 0.712040923399791, 0.7151232948583429]
sparsity : [1, 1, 1, 6, 1]
accuracy_train : [0.2906610703043022, 0.29249737670514164, 0.28803777544596015, 0.28803777544596015, 0.2848898216159496]
balanced_accuracy_train : [0.25, 0.25, 0.25, 0.2502577319587629, 0.25]
accuracy_test : [0.2812172088142707, 0.2738719832109129, 0.291710388247639, 0.291710388247639, 0.304302203567681]
balanced_accuracy_test : [0.25, 0.25, 0.25, 0.24910394265232974, 0.25]
overall_misclassification_rate_train : [0.06429401611111296, 0.061258034137434025, 0.06483902979455436, 0.06329738963326748, 0.0535418392709196]
statistical_parity_train : [0.0, 0.0, 0.0, 0.0011655011655011815, 0.0]
predictive_equality_train : [0.0, 0.0, 0.0, 0.001558846453624363, 0.0]
equal_opportunity_train : [0.0, 0.0, 0.0, 0.0021691973969631237, 0.0]
max_equalized_odds_train : [0.0, 0.0, 0.0, 0.0021691973969631237, 0.0]
mean_equalized_odds_train : [0.0, 0.0, 0.0, 0.001146029199297889, 0.0]
overall_misclassification_rate_test : [0.050719246031746046, 0.07222557433740692, 0.04908855207195684, 0.05031892591105758, 0.09461678427195663]
statistical_parity_test : [0.0, 0.0, 0.0, 0.004728132387706863, 0.0]
predictive_equality_test : [0.0, 0.0, 0.0, 0.006493506493506494, 0.0]
equal_opportunity_test : [0.0, 0.0, 0.0, 0.008928571428571397, 0.0]
max_equalized_odds_test : [0.0, 0.0, 0.0, 0.008928571428571397, 0.0]
mean_equalized_odds_test : [0.0, 0.0, 0.0, 0.004888010494143405, 0.0]
end
