dataset : data/customer.csv
labels_name : ['A', 'B', 'C', 'D']
s : 5.0
sp : 0.03
a : 1.0
sensitive_groups : ['Gender == Female']
sensitive_labels : ['A', 'B', 'C', 'D']
time_limit : 3600
lambda_bound : 9
n_folds : 5
nb_samples : 4765
nb_features : 33
nb_labels : 4
optimality_gap : [0.9904211097826994, 0.9918138984752121, 0.9901017709641876, 0.9914013389662496, 0.9931883284371392]
execution_time : [3600.0122389793396, 3600.434518098831, 3600.0977120399475, 3600.0107839107513, 3600.9227600097656]
objective_function : [0.7093520461699903, 0.7075157397691508, 0.4951469045120649, 0.7120802728226661, 0.7151232948583429]
sparsity : [1, 1, 10, 9, 1]
accuracy_train : [0.2906610703043022, 0.29249737670514164, 0.5060335781741868, 0.28803777544596015, 0.2848898216159496]
balanced_accuracy_train : [0.25, 0.25, 0.46624641760062013, 0.2502577319587629, 0.25]
accuracy_test : [0.2812172088142707, 0.2738719832109129, 0.5330535152151101, 0.2938090241343127, 0.304302203567681]
balanced_accuracy_test : [0.25, 0.25, 0.4878061622365445, 0.2509727626459144, 0.25]
overall_misclassification_rate_train : [0.06429401611111296, 0.061258034137434025, 0.07710424823274464, 0.06388014021601807, 0.0535418392709196]
statistical_parity_train : [0.0, 0.0, 0.021903806192735575, 0.0005827505827505908, 0.0]
predictive_equality_train : [0.0, 0.0, 0.0708089768221396, 0.000779423226812126, 0.0]
equal_opportunity_train : [0.0, 0.0, 0.05961609298899029, 0.0021691973969631237, 0.0]
max_equalized_odds_train : [0.0, 0.0, 0.0708089768221396, 0.0021691973969631237, 0.0]
mean_equalized_odds_train : [0.0, 0.0, 0.05233664367696639, 0.000555124360124586, 0.0]
overall_misclassification_rate_test : [0.050719246031746046, 0.07222557433740692, 0.06139065732576826, 0.047954859717204146, 0.09461678427195663]
statistical_parity_test : [0.0, 0.0, 0.020169059605941952, 0.0023640661938534313, 0.0]
predictive_equality_test : [0.0, 0.0, 0.057544644429572744, 0.003215434083601254, 0.0]
equal_opportunity_test : [0.0, 0.0, 0.03992506732232759, 0.008695652173913044, 0.0]
max_equalized_odds_test : [0.0, 0.0, 0.057544644429572744, 0.008695652173913044, 0.0]
mean_equalized_odds_test : [0.0, 0.0, 0.04106951460644592, 0.00234499749076144, 0.0]
end
