dataset : data/customer.csv
labels_name : ['A', 'B', 'C', 'D']
s : 5.0
sp : 0.04
a : 1.0
sensitive_groups : ['Gender == Female']
sensitive_labels : ['A', 'B', 'C', 'D']
time_limit : 3600
lambda_bound : 9
n_folds : 5
nb_samples : 4765
nb_features : 33
nb_labels : 4
optimality_gap : [0.9889267035118882, 0.9894800279519107, 0.9911385490784018, 0.9900601321920126, 0.9886920986481629]
execution_time : [3600.1475369930267, 3600.0125081539154, 3600.1204841136932, 3600.018884897232, 3600.0109570026398]
objective_function : [0.43279118572927433, 0.45591552990555945, 0.7118179433368319, 0.7122376705141666, 0.43008919202518203]
sparsity : [16, 19, 9, 1, 10]
accuracy_train : [0.5729275970619098, 0.5642707240293809, 0.2883001049317943, 0.28777544596012594, 0.5700419727177335]
balanced_accuracy_train : [0.540636630011057, 0.5374394855115511, 0.2502653927813164, 0.25, 0.5400196734069624]
accuracy_test : [0.5487932843651626, 0.5162644281217209, 0.291710388247639, 0.29275970619097585, 0.5634837355718783]
balanced_accuracy_test : [0.5210654058658312, 0.5083136073865616, 0.25, 0.25, 0.5257752081199935]
overall_misclassification_rate_train : [0.03224116969934021, 0.02850531529123565, 0.06578824669061512, 0.06446289079876866, 0.03657873871947688]
statistical_parity_train : [0.03586054270536987, 0.019110401683973516, 0.0009492168960607561, 0.0, 0.029664546418294746]
predictive_equality_train : [0.0378584229390681, 0.03493098134148196, 0.001389854065323104, 0.0, 0.038987198414463964]
equal_opportunity_train : [0.025508774820795943, 0.04390805058956504, 0.0019880715705765406, 0.0, 0.042211598037409814]
max_equalized_odds_train : [0.0378584229390681, 0.04390805058956504, 0.0019880715705765406, 0.0, 0.042211598037409814]
mean_equalized_odds_train : [0.034657622220061565, 0.037556750547046665, 0.0009895235921529128, 0.0, 0.03981698226286635]
overall_misclassification_rate_test : [0.04621510062358278, 0.06991561675417188, 0.05101533434555994, 0.05031892591105758, 0.05585585585585587]
statistical_parity_test : [0.023109764739229016, 0.0240091497735071, 0.0019267822736031004, 0.0, 0.055474193405227884]
predictive_equality_test : [0.04765109705209314, 0.08069582840736361, 0.002808988764044895, 0.0, 0.04596719070403281]
equal_opportunity_test : [0.08208432553578926, 0.11734220297029707, 0.0, 0.0, 0.08058840090090091]
max_equalized_odds_test : [0.08208432553578926, 0.11734220297029707, 0.002808988764044895, 0.0, 0.08058840090090091]
mean_equalized_odds_test : [0.05628650272638839, 0.06891757090879058, 0.0019895775611021033, 0.0, 0.05027647422289018]
end
