dataset : data/customer.csv
labels_name : ['A', 'B', 'C', 'D']
s : 5.0
sp : 0.05
a : 1.0
sensitive_groups : ['Gender == Female']
sensitive_labels : ['A', 'B', 'C', 'D']
time_limit : 3600
lambda_bound : 9
n_folds : 5
nb_samples : 4765
nb_features : 33
nb_labels : 4
optimality_gap : [0.9903816881618442, 0.9902890547702582, 0.9879994153347619, 0.992813875204176, 0.9886271418467458]
execution_time : [3600.012321949005, 3600.5304911136627, 3600.2486188411713, 3600.240488052368, 3600.3515651226044]
objective_function : [0.7093520461699903, 0.7075157397691508, 0.7119753410283325, 0.6737539349422876, 0.4288431269674695]
sparsity : [1, 1, 1, 7, 15]
accuracy_train : [0.2906610703043022, 0.29249737670514164, 0.28803777544596015, 0.32633788037775446, 0.5713536201469045]
balanced_accuracy_train : [0.25, 0.25, 0.25, 0.2890186192870312, 0.5416853667247639]
accuracy_test : [0.2812172088142707, 0.2738719832109129, 0.291710388247639, 0.3242392444910808, 0.5634837355718783]
balanced_accuracy_test : [0.25, 0.25, 0.25, 0.286118611150585, 0.5280991009830989]
overall_misclassification_rate_train : [0.06429401611111296, 0.061258034137434025, 0.06483902979455436, 0.1090232922293991, 0.03398187989416575]
statistical_parity_train : [0.0, 0.0, 0.0, 0.04118623107172725, 0.02930263427497304]
predictive_equality_train : [0.0, 0.0, 0.0, 0.070769125260715, 0.03723127793394947]
equal_opportunity_train : [0.0, 0.0, 0.0, 0.08553053036177888, 0.036919972537133416]
max_equalized_odds_train : [0.0, 0.0, 0.0, 0.08553053036177888, 0.03723127793394947]
mean_equalized_odds_train : [0.0, 0.0, 0.0, 0.05531700677335646, 0.03715116497637431]
overall_misclassification_rate_test : [0.050719246031746046, 0.07222557433740692, 0.04908855207195684, 0.05773228065480174, 0.04390449562863355]
statistical_parity_test : [0.0, 0.0, 0.0, 0.03001025915518088, 0.05805263391470286]
predictive_equality_test : [0.0, 0.0, 0.0, 0.03393478780792436, 0.04522670312143996]
equal_opportunity_test : [0.0, 0.0, 0.0, 0.08477078477078479, 0.08058840090090091]
max_equalized_odds_test : [0.0, 0.0, 0.0, 0.08477078477078479, 0.08058840090090091]
mean_equalized_odds_test : [0.0, 0.0, 0.0, 0.03533155808777375, 0.04755795207005761]
end
