dataset : data/customer.csv
labels_name : ['A', 'B', 'C', 'D']
s : 5.0
sp : 0.06
a : 1.0
sensitive_groups : ['Gender == Female']
sensitive_labels : ['A', 'B', 'C', 'D']
time_limit : 3600
lambda_bound : 9
n_folds : 5
nb_samples : 4765
nb_features : 33
nb_labels : 4
optimality_gap : [0.9906880984502604, 0.9897056001020939, 0.9852713060917555, 0.9906213062026253, 0.9931773345539594]
execution_time : [3600.0105628967285, 3600.011936903, 3600.122095823288, 3600.5343458652496, 3600.425091981888]
objective_function : [0.7093520461699903, 0.7073321091290669, 0.5054302203567659, 0.7122376705141666, 0.7151232948583429]
sparsity : [1, 7, 14, 1, 1]
accuracy_train : [0.2906610703043022, 0.29275970619097585, 0.5697796432318992, 0.28777544596012594, 0.2848898216159496]
balanced_accuracy_train : [0.25, 0.2503364737550471, 0.5397305109155746, 0.25, 0.25]
accuracy_test : [0.2812172088142707, 0.27492130115424973, 0.6065057712486883, 0.29275970619097585, 0.304302203567681]
balanced_accuracy_test : [0.25, 0.25116822429906543, 0.5582175073242945, 0.25, 0.25]
overall_misclassification_rate_train : [0.06429401611111296, 0.060681000092425386, 0.04034505843529529, 0.06446289079876866, 0.0535418392709196]
statistical_parity_train : [0.0, 0.0005770340450086555, 0.04658316712758892, 0.0, 0.0]
predictive_equality_train : [0.0, 0.0007788161993769194, 0.043401223781570686, 0.0, 0.0]
equal_opportunity_train : [0.0, 0.002824858757062147, 0.04886014816027506, 0.0, 0.0]
max_equalized_odds_train : [0.0, 0.002824858757062147, 0.04886014816027506, 0.0, 0.0]
mean_equalized_odds_train : [0.0, 0.0005510145041237018, 0.04482037227561477, 0.0, 0.0]
overall_misclassification_rate_test : [0.050719246031746046, 0.06793436658531535, 0.02897720714241317, 0.05031892591105758, 0.09461678427195663]
statistical_parity_test : [0.0, 0.0006349006222927667, 0.01655079335482096, 0.0, 0.0]
predictive_equality_test : [0.0, 0.0022675736961451248, 0.050403296819414606, 0.0, 0.0]
equal_opportunity_test : [0.0, 0.009259259259259259, 0.03988501616960116, 0.0, 0.0]
max_equalized_odds_test : [0.0, 0.009259259259259259, 0.050403296819414606, 0.0, 0.0]
mean_equalized_odds_test : [0.0, 0.0038375849348716985, 0.03734944426291458, 0.0, 0.0]
end
