dataset : data/customer.csv
labels_name : ['A', 'B', 'C', 'D']
s : 5.0
sp : 0.08
a : 1.0
sensitive_groups : ['Gender == Female']
sensitive_labels : ['A', 'B', 'C', 'D']
time_limit : 3600
lambda_bound : 9
n_folds : 5
nb_samples : 4765
nb_features : 33
nb_labels : 4
optimality_gap : [0.9888218680782562, 0.9896532588063867, 0.9874568380592117, 0.9911068926501737, 0.9931931078865041]
execution_time : [3600.230751991272, 3600.4839010238647, 3600.182962179184, 3600.010846853256, 3600.0116760730743]
objective_function : [0.42852833158446846, 0.7075157397691508, 0.7119753410283325, 0.7122376705141666, 0.7151232948583429]
sparsity : [11, 1, 1, 1, 1]
accuracy_train : [0.5729275970619098, 0.29249737670514164, 0.28803777544596015, 0.28777544596012594, 0.2848898216159496]
balanced_accuracy_train : [0.540636630011057, 0.25, 0.25, 0.25, 0.25]
accuracy_test : [0.5498426023084995, 0.2738719832109129, 0.291710388247639, 0.29275970619097585, 0.304302203567681]
balanced_accuracy_test : [0.5219982416867267, 0.25, 0.25, 0.25, 0.25]
overall_misclassification_rate_train : [0.03224116969934021, 0.061258034137434025, 0.06483902979455436, 0.06446289079876866, 0.0535418392709196]
statistical_parity_train : [0.03409375825307304, 0.0, 0.0, 0.0, 0.0]
predictive_equality_train : [0.0378584229390681, 0.0, 0.0, 0.0, 0.0]
equal_opportunity_train : [0.025508774820795943, 0.0, 0.0, 0.0, 0.0]
max_equalized_odds_train : [0.0378584229390681, 0.0, 0.0, 0.0, 0.0]
mean_equalized_odds_train : [0.034657622220061565, 0.0, 0.0, 0.0, 0.0]
overall_misclassification_rate_test : [0.04621510062358278, 0.07222557433740692, 0.04908855207195684, 0.05031892591105758, 0.09461678427195663]
statistical_parity_test : [0.01857461734693877, 0.0, 0.0, 0.0, 0.0]
predictive_equality_test : [0.04765109705209314, 0.0, 0.0, 0.0, 0.0]
equal_opportunity_test : [0.08208432553578926, 0.0, 0.0, 0.0, 0.0]
max_equalized_odds_test : [0.08208432553578926, 0.0, 0.0, 0.0, 0.0]
mean_equalized_odds_test : [0.05628650272638839, 0.0, 0.0, 0.0, 0.0]
end
