dataset : data/customer.csv
labels_name : ['A', 'B', 'C', 'D']
s : 5.0
sp : 0.09
a : 1.0
sensitive_groups : ['Gender == Female']
sensitive_labels : ['A', 'B', 'C', 'D']
time_limit : 3600
lambda_bound : 9
n_folds : 5
nb_samples : 4765
nb_features : 33
nb_labels : 4
optimality_gap : [0.988857679091153, 0.9908878414003696, 0.9891576213085499, 0.9927653234922098, 0.9862284977572757]
execution_time : [3600.011838912964, 3600.110190153122, 3600.0085430145264, 3600.074788093567, 3600.01185297966]
objective_function : [0.4289087093389281, 0.5259706190975845, 0.7119753410283325, 0.6703436516264429, 0.5523347324239227]
sparsity : [20, 20, 1, 7, 10]
accuracy_train : [0.5729275970619098, 0.5312172088142707, 0.28803777544596015, 0.32974816369359916, 0.44779643231899263]
balanced_accuracy_train : [0.540636630011057, 0.5016257210017993, 0.25, 0.292868587503006, 0.4085525537702536]
accuracy_test : [0.5498426023084995, 0.5194123819517313, 0.291710388247639, 0.3242392444910808, 0.4753410283315845]
balanced_accuracy_test : [0.5219982416867267, 0.5055621708416196, 0.25, 0.28693966810351634, 0.41565040650406504]
overall_misclassification_rate_train : [0.03224116969934021, 0.025237676132078918, 0.06483902979455436, 0.12190830797701024, 0.060055144274883954]
statistical_parity_train : [0.03409375825307304, 0.04720188447828377, 0.0, 0.07008131817292124, 0.011531077674141077]
predictive_equality_train : [0.0378584229390681, 0.03472496832455027, 0.0, 0.10208103824398995, 0.038987198414463964]
equal_opportunity_train : [0.025508774820795943, 0.07760646263525339, 0.0, 0.13743720287265251, 0.042211598037409814]
max_equalized_odds_train : [0.0378584229390681, 0.07760646263525339, 0.0, 0.13743720287265251, 0.042211598037409814]
mean_equalized_odds_train : [0.034657622220061565, 0.043027408964800104, 0.0, 0.07492765703162288, 0.03981698226286635]
overall_misclassification_rate_test : [0.04621510062358278, 0.068569267207608, 0.04908855207195684, 0.06196083679022257, 0.07433098122753301]
statistical_parity_test : [0.01857461734693877, 0.0994047243810845, 0.0, 0.049333154913243235, 0.020285803044423734]
predictive_equality_test : [0.04765109705209314, 0.08339701713299641, 0.0, 0.05183669492351162, 0.04596719070403281]
equal_opportunity_test : [0.08208432553578926, 0.16135519801980203, 0.0, 0.11895881895881899, 0.06266128498643553]
max_equalized_odds_test : [0.08208432553578926, 0.16135519801980203, 0.0, 0.11895881895881899, 0.06266128498643553]
mean_equalized_odds_test : [0.05628650272638839, 0.09359491338896606, 0.0, 0.0546189765567731, 0.05027647422289018]
end
