dataset : data/customer.csv
labels_name : ['A', 'B', 'C', 'D']
s : 5.0
sp : 0.15
a : 1.0
sensitive_groups : ['Gender == Female']
sensitive_labels : ['A', 'B', 'C', 'D']
time_limit : 3600
lambda_bound : 9
n_folds : 5
nb_samples : 4765
nb_features : 33
nb_labels : 4
optimality_gap : [0.9904407759769379, 0.9896429479022268, 0.9814505293478266, 0.9909178919073058, 0.9895821001225243]
execution_time : [3600.009943008423, 3600.012015104294, 3600.141592979431, 3600.1757979393005, 3600.8460659980774]
objective_function : [0.7091815320041981, 0.462906610703041, 0.48864113326337655, 0.7122376705141666, 0.7151232948583429]
sparsity : [8, 12, 14, 1, 1]
accuracy_train : [0.2909233997901364, 0.5506295907660022, 0.5115424973767051, 0.28777544596012594, 0.2848898216159496]
balanced_accuracy_train : [0.25032981530343007, 0.5097870445620756, 0.47380679213521515, 0.25, 0.25]
accuracy_test : [0.28226652675760755, 0.5246589716684156, 0.5309548793284365, 0.29275970619097585, 0.304302203567681]
balanced_accuracy_test : [0.25125628140703515, 0.5052179807923155, 0.48634811297704117, 0.25, 0.25]
overall_misclassification_rate_train : [0.0641781248572253, 0.030233086782423174, 0.043474412202308466, 0.06446289079876866, 0.0535418392709196]
statistical_parity_train : [0.00011589125388766774, 0.004554655449058226, 0.04833768739030769, 0.0, 0.0]
predictive_equality_train : [0.000580046403712297, 0.04391299746678043, 0.05293232500147824, 0.0, 0.0]
equal_opportunity_train : [0.002717391304347826, 0.04019252903630843, 0.11081574335309324, 0.0, 0.0]
max_equalized_odds_train : [0.002717391304347826, 0.04391299746678043, 0.11081574335309324, 0.0, 0.0]
mean_equalized_odds_train : [0.001005048354048533, 0.03571673609440245, 0.04900725577142169, 0.0, 0.0]
overall_misclassification_rate_test : [0.054625496031746046, 0.07222557433740692, 0.04220274721859657, 0.05031892591105758, 0.09461678427195663]
statistical_parity_test : [0.00390625, 0.019555839734872682, 0.04275769603011814, 0.0, 0.0]
predictive_equality_test : [0.005617977528089901, 0.07177841580814051, 0.04970357151918539, 0.0, 0.0]
equal_opportunity_test : [0.009523809523809525, 0.07990408415841588, 0.08700986929847965, 0.0, 0.0]
max_equalized_odds_test : [0.009523809523809525, 0.07990408415841588, 0.08700986929847965, 0.0, 0.0]
mean_equalized_odds_test : [0.004038105568459164, 0.056788591160122616, 0.04571254057163689, 0.0, 0.0]
end
