dataset : data/customer.csv
labels_name : ['A', 'B', 'C', 'D']
s : 5.0
sp : 0.25
a : 1.0
sensitive_groups : ['Gender == Female']
sensitive_labels : ['A', 'B', 'C', 'D']
time_limit : 3600
lambda_bound : 9
n_folds : 5
nb_samples : 4765
nb_features : 33
nb_labels : 4
optimality_gap : [0.9844494778744585, 0.9932308866884134, 0.9855289867449811, 0.9909695258666397, 0.9896095269373089]
execution_time : [3600.6220819950104, 3601.9280631542206, 3600.09756398201, 3600.0863671302795, 3600.356158018112]
objective_function : [0.47098635886673457, 0.7075157397691508, 0.5321878279118553, 0.7122376705141666, 0.7151232948583429]
sparsity : [8, 1, 14, 1, 1]
accuracy_train : [0.529118572927597, 0.29249737670514164, 0.559286463798531, 0.28777544596012594, 0.2848898216159496]
balanced_accuracy_train : [0.4874158468812198, 0.25, 0.5320558737640657, 0.25, 0.25]
accuracy_test : [0.48478488982161594, 0.2738719832109129, 0.6107030430220357, 0.29275970619097585, 0.304302203567681]
balanced_accuracy_test : [0.45446428142518824, 0.25, 0.5623788170597761, 0.25, 0.25]
overall_misclassification_rate_train : [0.03245567995293036, 0.061258034137434025, 0.04034505843529529, 0.06446289079876866, 0.0535418392709196]
statistical_parity_train : [0.04986165481567162, 0.0, 0.03084787894561769, 0.0, 0.0]
predictive_equality_train : [0.0396790485500163, 0.0, 0.043401223781570686, 0.0, 0.0]
equal_opportunity_train : [0.1168270855552776, 0.0, 0.04886014816027506, 0.0, 0.0]
max_equalized_odds_train : [0.1168270855552776, 0.0, 0.04886014816027506, 0.0, 0.0]
mean_equalized_odds_train : [0.046247490275478094, 0.0, 0.04482037227561477, 0.0, 0.0]
overall_misclassification_rate_test : [0.042623299319727886, 0.07222557433740692, 0.04806300666826491, 0.05031892591105758, 0.09461678427195663]
statistical_parity_test : [0.03983312074829937, 0.0, 0.03347895190147665, 0.0, 0.0]
predictive_equality_test : [0.03540180374209181, 0.0, 0.05747583325580807, 0.0, 0.0]
equal_opportunity_test : [0.10687771396554135, 0.0, 0.03988501616960116, 0.0, 0.0]
max_equalized_odds_test : [0.10687771396554135, 0.0, 0.05747583325580807, 0.0, 0.0]
mean_equalized_odds_test : [0.053327032014289545, 0.0, 0.04439296181361371, 0.0, 0.0]
end
