dataset : data/customer.csv
labels_name : ['A', 'B', 'C', 'D']
s : 5.0
sp : 0.3
a : 1.0
sensitive_groups : ['Gender == Female']
sensitive_labels : ['A', 'B', 'C', 'D']
time_limit : 3600
lambda_bound : 9
n_folds : 5
nb_samples : 4765
nb_features : 33
nb_labels : 4
optimality_gap : [0.9846522666986807, 0.9930630606212666, 0.988973049785644, 0.990207045638038, 0.9914413301853957]
execution_time : [3600.594165086746, 3600.0872020721436, 3600.0089149475098, 3600.007688999176, 3600.482621908188]
objective_function : [0.4256295907660005, 0.6903987408184684, 0.7119753410283325, 0.7122376705141666, 0.566828436516263]
sparsity : [10, 16, 1, 1, 15]
accuracy_train : [0.574501573976915, 0.4184155299055614, 0.28803777544596015, 0.28777544596012594, 0.5653200419727177]
balanced_accuracy_train : [0.5337984844459418, 0.38611681549330434, 0.25, 0.25, 0.5408821131895352]
accuracy_test : [0.5299055613850997, 0.37355718782791186, 0.291710388247639, 0.29275970619097585, 0.5498426023084995]
balanced_accuracy_test : [0.498224478415943, 0.36518608691655646, 0.25, 0.25, 0.5215428620370836]
overall_misclassification_rate_train : [0.03224116969934021, 0.04670589610001036, 0.06483902979455436, 0.06446289079876866, 0.03045629883029996]
statistical_parity_train : [0.0620675668296945, 0.07215812120601506, 0.0, 0.0, 0.02844295373760586]
predictive_equality_train : [0.055143530841265775, 0.08077849496063527, 0.0, 0.0, 0.027818168948571198]
equal_opportunity_train : [0.06504536058040478, 0.06816364968086219, 0.0, 0.0, 0.04742368169867872]
max_equalized_odds_train : [0.06504536058040478, 0.08077849496063527, 0.0, 0.0, 0.04742368169867872]
mean_equalized_odds_train : [0.05763197598557195, 0.06981162584404925, 0.0, 0.0, 0.03286355405031713]
overall_misclassification_rate_test : [0.042623299319727886, 0.07222557433740692, 0.04908855207195684, 0.05031892591105758, 0.03857009719078683]
statistical_parity_test : [0.04357107426303852, 0.07079817364757168, 0.0, 0.0, 0.06099942306838857]
predictive_equality_test : [0.03540180374209181, 0.08774208693610863, 0.0, 0.0, 0.03485987696514012]
equal_opportunity_test : [0.10687771396554135, 0.09646775488359648, 0.0, 0.0, 0.08783783783783783]
max_equalized_odds_test : [0.10687771396554135, 0.09646775488359648, 0.0, 0.0, 0.08783783783783783]
mean_equalized_odds_test : [0.053327032014289545, 0.06862843745250545, 0.0, 0.0, 0.044191915702933515]
end
