dataset : data/customer.csv
labels_name : ['A', 'B', 'C', 'D']
s : 5.0
sp : 0.4
a : 1.0
sensitive_groups : ['Gender == Female']
sensitive_labels : ['A', 'B', 'C', 'D']
time_limit : 3600
lambda_bound : 9
n_folds : 5
nb_samples : 4765
nb_features : 33
nb_labels : 4
optimality_gap : [0.9843304184267994, 0.9843816296785458, 0.9889727644757056, 0.9863630904761775, 0.9931782504121525]
execution_time : [3600.5957679748535, 3600.380308866501, 3600.122892856598, 3600.0080909729004, 3600.4540100097656]
objective_function : [0.42333420776495123, 0.4647035676810053, 0.7119753410283325, 0.46581846799580073, 0.7147560335781751]
sparsity : [15, 9, 1, 14, 13]
accuracy_train : [0.5768625393494229, 0.5354144805876181, 0.28803777544596015, 0.539087093389297, 0.28541448058761804]
balanced_accuracy_train : [0.5394680125693637, 0.49431853540141435, 0.25, 0.4990763885329518, 0.2505175983436853]
accuracy_test : [0.5508919202518363, 0.5078698845750262, 0.291710388247639, 0.5477439664218258, 0.30325288562434416]
balanced_accuracy_test : [0.519419112532808, 0.48714155926017977, 0.25, 0.5008188759052039, 0.249321887173568]
overall_misclassification_rate_train : [0.03224116969934021, 0.03993247674724881, 0.06483902979455436, 0.04351500916386411, 0.05225565919234576]
statistical_parity_train : [0.020906670767434132, 0.09600664130381384, 0.0, 0.015326117902453806, 0.0012861800785739508]
predictive_equality_train : [0.05567986112446335, 0.08678113467569074, 0.0, 0.04130616528126729, 0.0016777243956379584]
equal_opportunity_train : [0.0704918313232401, 0.10857817805994385, 0.0, 0.03306753430661857, 0.00032780521469084976]
max_equalized_odds_train : [0.0704918313232401, 0.10857817805994385, 0.0, 0.04130616528126729, 0.0016777243956379584]
mean_equalized_odds_train : [0.05998512423575523, 0.09236190968697905, 0.0, 0.03375792669806839, 0.0012690735279493883]
overall_misclassification_rate_test : [0.042623299319727886, 0.07222557433740692, 0.04908855207195684, 0.022784245506043965, 0.10114498735188382]
statistical_parity_test : [0.025000885770975034, 0.07045145486802173, 0.0, 0.0520897453053214, 0.004597701149425287]
predictive_equality_test : [0.05057887367234726, 0.05258421690989476, 0.0, 0.029937572039700155, 0.006493506493506494]
equal_opportunity_test : [0.10687771396554135, 0.10759591584158412, 0.0, 0.08756798756798756, 0.018181818181818188]
max_equalized_odds_test : [0.10687771396554135, 0.10759591584158412, 0.0, 0.08756798756798756, 0.018181818181818188]
mean_equalized_odds_test : [0.053327032014289545, 0.06580318758707929, 0.0, 0.04366485884444437, 0.007591044841831842]
end
