dataset : data/customer.csv
labels_name : ['A', 'B', 'C', 'D']
s : 5.0
sp : 0.5
a : 1.0
sensitive_groups : ['Gender == Female']
sensitive_labels : ['A', 'B', 'C', 'D']
time_limit : 3600
lambda_bound : 9
n_folds : 5
nb_samples : 4765
nb_features : 33
nb_labels : 4
optimality_gap : [0.9816226206946125, 0.9881643041368914, 0.988973049785644, 0.9913274039839677, 0.9932041083567837]
execution_time : [3600.756905078888, 3600.0209188461304, 3600.008749961853, 3600.065943002701, 3600.2885360717773]
objective_function : [0.42720356768100576, 0.6056532004197264, 0.7119753410283325, 0.7122376705141666, 0.7151232948583429]
sparsity : [10, 15, 1, 1, 1]
accuracy_train : [0.5729275970619098, 0.3948058761804827, 0.28803777544596015, 0.28777544596012594, 0.2848898216159496]
balanced_accuracy_train : [0.5336458650448128, 0.357763801253284, 0.25, 0.25, 0.25]
accuracy_test : [0.5267576075550892, 0.3882476390346275, 0.291710388247639, 0.29275970619097585, 0.304302203567681]
balanced_accuracy_test : [0.49613976030608736, 0.37370462179062847, 0.25, 0.25, 0.25]
overall_misclassification_rate_train : [0.05485166476671871, 0.028403453100510234, 0.06483902979455436, 0.06446289079876866, 0.0535418392709196]
statistical_parity_train : [0.11008053327806211, 0.008393777580159578, 0.0, 0.0, 0.0]
predictive_equality_train : [0.10735842996257666, 0.03159579604606094, 0.0, 0.0, 0.0]
equal_opportunity_train : [0.11565477717902661, 0.04056442597709392, 0.0, 0.0, 0.0]
max_equalized_odds_train : [0.11565477717902661, 0.04056442597709392, 0.0, 0.0, 0.0]
mean_equalized_odds_train : [0.10562156785884025, 0.03187826623188499, 0.0, 0.0, 0.0]
overall_misclassification_rate_test : [0.042623299319727886, 0.08819715240316639, 0.04908855207195684, 0.05031892591105758, 0.09461678427195663]
statistical_parity_test : [0.0814244968820862, 0.045501211264307784, 0.0, 0.0, 0.0]
predictive_equality_test : [0.06643074138711136, 0.07338287451444009, 0.0, 0.0, 0.0]
equal_opportunity_test : [0.14079670329670324, 0.18572091584158418, 0.0, 0.0, 0.0]
max_equalized_odds_test : [0.14079670329670324, 0.18572091584158418, 0.0, 0.0, 0.0]
mean_equalized_odds_test : [0.06161838997011839, 0.07475941436649029, 0.0, 0.0, 0.0]
end
