dataset : data/customer.csv
labels_name : ['A', 'B', 'C', 'D']
s : 5.0
sp : 0.6
a : 1.0
sensitive_groups : ['Gender == Female']
sensitive_labels : ['A', 'B', 'C', 'D']
time_limit : 3600
lambda_bound : 9
n_folds : 5
nb_samples : 4765
nb_features : 33
nb_labels : 4
optimality_gap : [0.9827484627441482, 0.9889197517672901, 0.9822916077394241, 0.9872048664794421, 0.9915305103510403]
execution_time : [3600.6491589546204, 3600.4491810798645, 3600.009934902191, 3600.100080013275, 3600.014123916626]
objective_function : [0.4256295907660005, 0.7075157397691508, 0.45907660020986163, 0.43932318992654606, 0.5750262329485821]
sparsity : [10, 1, 20, 14, 20]
accuracy_train : [0.574501573976915, 0.29249737670514164, 0.5590241343126967, 0.5653200419727177, 0.45383001049317945]
balanced_accuracy_train : [0.5337984844459418, 0.25, 0.5321808464064546, 0.5402613978452888, 0.4336305068440756]
accuracy_test : [0.5299055613850997, 0.2738719832109129, 0.6107030430220357, 0.5634837355718783, 0.4522560335781742]
balanced_accuracy_test : [0.498224478415943, 0.25, 0.5624301068264419, 0.5378380968757634, 0.4261371347897466]
overall_misclassification_rate_train : [0.03224116969934021, 0.061258034137434025, 0.04034505843529529, 0.025529813697752618, 0.07749930958298812]
statistical_parity_train : [0.0620675668296945, 0.0, 0.037411393664742776, 0.01860798234844037, 0.06883457608395471]
predictive_equality_train : [0.055143530841265775, 0.0, 0.043401223781570686, 0.046256482493457644, 0.10350375149149595]
equal_opportunity_train : [0.06504536058040478, 0.0, 0.04886014816027506, 0.06320400500625784, 0.07605512303478612]
max_equalized_odds_train : [0.06504536058040478, 0.0, 0.04886014816027506, 0.06320400500625784, 0.10350375149149595]
mean_equalized_odds_train : [0.05763197598557195, 0.0, 0.04482037227561477, 0.037124829065485095, 0.07983243146636936]
overall_misclassification_rate_test : [0.042623299319727886, 0.07222557433740692, 0.05267130159914052, 0.034105000223025095, 0.05868725868725866]
statistical_parity_test : [0.04357107426303852, 0.0, 0.034233682285146005, 0.04973460011597306, 0.040558292282430186]
predictive_equality_test : [0.03540180374209181, 0.0, 0.06110401637333923, 0.04836658187173651, 0.07917521075415812]
equal_opportunity_test : [0.10687771396554135, 0.0, 0.03988501616960116, 0.12075134168157423, 0.0747466216216216]
max_equalized_odds_test : [0.10687771396554135, 0.0, 0.06110401637333923, 0.12075134168157423, 0.07917521075415812]
mean_equalized_odds_test : [0.053327032014289545, 0.0, 0.04891008270984688, 0.04903640743212226, 0.07139392489903845]
end
