dataset : data/customer.csv
labels_name : ['A', 'B', 'C', 'D']
s : 5.0
sp : 0.7
a : 1.0
sensitive_groups : ['Gender == Female']
sensitive_labels : ['A', 'B', 'C', 'D']
time_limit : 3600
lambda_bound : 9
n_folds : 5
nb_samples : 4765
nb_features : 33
nb_labels : 4
optimality_gap : [0.9835358911057168, 0.9889197517672901, 0.9880668705206288, 0.9908528164672917, 0.9918052194393522]
execution_time : [3600.6319539546967, 3600.1427578926086, 3600.088313817978, 3600.138097047806, 3600.334009170532]
objective_function : [0.43073189926547584, 0.7075157397691508, 0.6371983210912903, 0.7122376705141666, 0.5930482686253925]
sparsity : [19, 1, 20, 1, 14]
accuracy_train : [0.5768625393494229, 0.29249737670514164, 0.36804826862539347, 0.28777544596012594, 0.5703043022035676]
balanced_accuracy_train : [0.5394680125693637, 0.25, 0.3675723985480109, 0.25, 0.5405701884412324]
accuracy_test : [0.5508919202518363, 0.2738719832109129, 0.391395592864638, 0.29275970619097585, 0.5603357817418678]
balanced_accuracy_test : [0.519419112532808, 0.25, 0.37674595094293717, 0.25, 0.5233431924205262]
overall_misclassification_rate_train : [0.03224116969934021, 0.061258034137434025, 0.07102341448070737, 0.06446289079876866, 0.03461773169058628]
statistical_parity_train : [0.020906670767434132, 0.0, 0.07179058215388734, 0.0, 0.029664546418294746]
predictive_equality_train : [0.05567986112446335, 0.0, 0.09078409820630096, 0.0, 0.04021224745687301]
equal_opportunity_train : [0.0704918313232401, 0.0, 0.04394745484400656, 0.0, 0.030096120032821472]
max_equalized_odds_train : [0.0704918313232401, 0.0, 0.09078409820630096, 0.0, 0.04021224745687301]
mean_equalized_odds_train : [0.05998512423575523, 0.0, 0.07553348928257175, 0.0, 0.03760891036269815]
overall_misclassification_rate_test : [0.042623299319727886, 0.07222557433740692, 0.044564609360432605, 0.05031892591105758, 0.04850219677805884]
statistical_parity_test : [0.025000885770975034, 0.0, 0.059907834101382486, 0.0, 0.05805263391470286]
predictive_equality_test : [0.05057887367234726, 0.0, 0.07836990595611286, 0.0, 0.03827751196172248]
equal_opportunity_test : [0.10687771396554135, 0.0, 0.02078210982320572, 0.0, 0.08058840090090091]
max_equalized_odds_test : [0.10687771396554135, 0.0, 0.07836990595611286, 0.0, 0.08058840090090091]
mean_equalized_odds_test : [0.053327032014289545, 0.0, 0.05804520233444282, 0.0, 0.04240257101033015]
end
