dataset : data/customer.csv
labels_name : ['A', 'B', 'C', 'D']
s : 5.0
sp : 1.0
a : 1.0
sensitive_groups : ['Gender == Female']
sensitive_labels : ['A', 'B', 'C', 'D']
time_limit : 3600
lambda_bound : 9
n_folds : 5
nb_samples : 4765
nb_features : 33
nb_labels : 4
optimality_gap : [0.9910210336420727, 0.9874191655923843, 0.9886485079274758, 0.9899786140838284, 0.9834032230559108]
execution_time : [3600.1006660461426, 3600.0085361003876, 3600.0247189998627, 3600.0472428798676, 3600.0700991153717]
objective_function : [0.7042103882476398, 0.49108079748163475, 0.6750918153200423, 0.7120671563483744, 0.44254984260230673]
sparsity : [9, 20, 9, 8, 20]
accuracy_train : [0.29590766002098634, 0.5514165792235047, 0.3250262329485834, 0.28803777544596015, 0.5689926547743966]
balanced_accuracy_train : [0.2560317636773362, 0.5151490919064229, 0.2904237460757786, 0.2502577319587629, 0.5393197214947144]
accuracy_test : [0.28436516264428124, 0.5194123819517313, 0.35257082896117525, 0.29275970619097585, 0.5550891920251836]
balanced_accuracy_test : [0.25359160674360987, 0.5041562866753625, 0.30590242634789505, 0.25, 0.518261891607518]
overall_misclassification_rate_train : [0.06646530561303687, 0.09811133065605082, 0.13204803983927338, 0.06329738963326748, 0.02942401403996403]
statistical_parity_train : [0.009063476091300024, 0.23270375838177332, 0.08171337825179857, 0.0011655011655011815, 0.031014200318928098]
predictive_equality_train : [0.0101190165546452, 0.22496238305600252, 0.11691234381174298, 0.001558846453624363, 0.03768883855441179]
equal_opportunity_train : [0.02819071194385558, 0.283210212409752, 0.16861926391536883, 0.0021691973969631237, 0.017917845839543145]
max_equalized_odds_train : [0.02819071194385558, 0.283210212409752, 0.16861926391536883, 0.0021691973969631237, 0.03768883855441179]
mean_equalized_odds_train : [0.009398457531086049, 0.23680366444895065, 0.08580227692333108, 0.001146029199297889, 0.03260086797380157]
overall_misclassification_rate_test : [0.07837744472789121, 0.10670833295809659, 0.10365555881125521, 0.045590793523350825, 0.050432698708560764]
statistical_parity_test : [0.021236359126984128, 0.26242559054763553, 0.07852303703506391, 0.004728132387706863, 0.05998313584520479]
predictive_equality_test : [0.03582527919128442, 0.227857114910599, 0.10441689267725685, 0.006493506493506494, 0.03326498063340168]
equal_opportunity_test : [0.06068376068376069, 0.38985148514851486, 0.13048823322795927, 0.0, 0.08058840090090091]
max_equalized_odds_test : [0.06068376068376069, 0.38985148514851486, 0.13048823322795927, 0.006493506493506494, 0.08058840090090091]
mean_equalized_odds_test : [0.030386042669057953, 0.26678335917553364, 0.08349692920889412, 0.004742372003652171, 0.04173349824418819]
end
