dataset : data/customer.csv
labels_name : ['A', 'B', 'C', 'D']
s : 10.0
sp : 0.01
a : 1.0
sensitive_groups : ['Gender == Female']
sensitive_labels : ['A', 'B', 'C', 'D']
time_limit : 3600
lambda_bound : 9
n_folds : 5
nb_samples : 4765
nb_features : 33
nb_labels : 4
optimality_gap : [0.9897524913738481, 0.9895130051222414, 0.9894553870913492, 0.9918037881295463, 0.9932174093477596]
execution_time : [3600.0847330093384, 3600.0969200134277, 3600.203227996826, 3600.1940779685974, 3600.0164000988007]
objective_function : [0.709135624344177, 0.7070369884575033, 0.7119687827911865, 0.7122311122770207, 0.7146773347324247]
sparsity : [9, 9, 1, 1, 14]
accuracy_train : [0.2909233997901364, 0.29302203567681007, 0.28803777544596015, 0.28777544596012594, 0.28541448058761804]
balanced_accuracy_train : [0.2502609603340292, 0.2505122950819672, 0.25, 0.25, 0.25057972343371687]
accuracy_test : [0.2812172088142707, 0.2759706190975866, 0.291710388247639, 0.29275970619097585, 0.30325288562434416]
balanced_accuracy_test : [0.25, 0.2521834061135371, 0.25, 0.25, 0.24913793103448276]
overall_misclassification_rate_train : [0.06370508796034735, 0.0611620005734258, 0.06483902979455436, 0.06446289079876866, 0.052368130350731845]
statistical_parity_train : [0.0005889281507656108, 9.603356400817445e-05, 0.0, 0.0, 0.0011737089201877549]
predictive_equality_train : [0.0007905138339920903, 7.110211586669468e-05, 0.0, 0.0, 0.0015760441292356209]
equal_opportunity_train : [0.002277904328018223, 0.0002784164012570923, 0.0, 0.0, 0.0026666666666666666]
max_equalized_odds_train : [0.002277904328018223, 0.0002784164012570923, 0.0, 0.0, 0.0026666666666666666]
mean_equalized_odds_train : [0.0005724638893602985, 7.12839474362335e-05, 0.0, 0.0, 0.0011270451983988203]
overall_misclassification_rate_test : [0.050719246031746046, 0.07222557433740692, 0.04908855207195684, 0.05031892591105758, 0.09461678427195663]
statistical_parity_test : [0.0, 0.005561008996676997, 0.0, 0.0, 0.0045977011494252595]
predictive_equality_test : [0.0, 0.007059618307718285, 0.0, 0.0, 0.0030864197530864196]
equal_opportunity_test : [0.0, 0.002088490099009901, 0.0, 0.0, 0.009090909090909038]
max_equalized_odds_test : [0.0, 0.007059618307718285, 0.0, 0.0, 0.009090909090909038]
mean_equalized_odds_test : [0.0, 0.005483531181825629, 0.0, 0.0, 0.004906992273204227]
end
