dataset : data/customer.csv
labels_name : ['A', 'B', 'C', 'D']
s : 10.0
sp : 0.04
a : 1.0
sensitive_groups : ['Gender == Female']
sensitive_labels : ['A', 'B', 'C', 'D']
time_limit : 3600
lambda_bound : 9
n_folds : 5
nb_samples : 4765
nb_features : 33
nb_labels : 4
optimality_gap : [0.9911502741613124, 0.9886735433204885, 0.9931077366545326, 0.9905732544793335, 0.9889438045243877]
execution_time : [3600.2221460342407, 3600.014816045761, 3600.012627840042, 3600.23189496994, 3600.3465900421143]
objective_function : [0.7093454879328445, 0.4220422350472178, 0.7100472193074507, 0.7122311122770207, 0.43843126967470974]
sparsity : [1, 33, 28, 1, 12]
accuracy_train : [0.2906610703043022, 0.5781741867785939, 0.29223504721930743, 0.28777544596012594, 0.561909758656873]
balanced_accuracy_train : [0.25, 0.5420105151493557, 0.2543216966575012, 0.25, 0.5246286850383777]
accuracy_test : [0.2812172088142707, 0.5445960125918153, 0.2938090241343127, 0.29275970619097585, 0.5613850996852047]
balanced_accuracy_test : [0.25, 0.5303035663206961, 0.2520550099844079, 0.25, 0.5100406386764776]
overall_misclassification_rate_train : [0.06429401611111296, 0.029472034665341082, 0.07095104017191689, 0.06446289079876866, 0.07031674550783512]
statistical_parity_train : [0.0, 0.035525202288041346, 0.005888206745563941, 0.0, 0.026948534979643834]
predictive_equality_train : [0.0, 0.04304128703203053, 0.009530038561637366, 0.0, 0.08876687256920612]
equal_opportunity_train : [0.0, 0.03378540844951594, 0.027253336473188203, 0.0, 0.10409109534387195]
max_equalized_odds_train : [0.0, 0.04304128703203053, 0.027253336473188203, 0.0, 0.10409109534387195]
mean_equalized_odds_train : [0.0, 0.03771990946539073, 0.007393158048226265, 0.0, 0.0651440634777606]
overall_misclassification_rate_test : [0.050719246031746046, 0.07222557433740692, 0.04142137929197409, 0.05031892591105758, 0.045013979496738105]
statistical_parity_test : [0.0, 0.010982429913275277, 0.0038935208616357464, 0.0, 0.03730972351662004]
predictive_equality_test : [0.0, 0.04399594663063672, 0.003941103339789075, 0.0, 0.05200501253132832]
equal_opportunity_test : [0.0, 0.08810543216483802, 0.018404907975460127, 0.0, 0.05425792364189774]
max_equalized_odds_test : [0.0, 0.08810543216483802, 0.018404907975460127, 0.0, 0.05425792364189774]
mean_equalized_odds_test : [0.0, 0.04450283891189182, 0.006522733098217692, 0.0, 0.052586561464381926]
end
