dataset : data/customer.csv
labels_name : ['A', 'B', 'C', 'D']
s : 10.0
sp : 0.05
a : 1.0
sensitive_groups : ['Gender == Female']
sensitive_labels : ['A', 'B', 'C', 'D']
time_limit : 3600
lambda_bound : 9
n_folds : 5
nb_samples : 4765
nb_features : 33
nb_labels : 4
optimality_gap : [0.9926298138403579, 0.9845351810847198, 0.9826642255719147, 0.9909581075707394, 0.9903270024765883]
execution_time : [3600.0161859989166, 3600.2062408924103, 3600.2352809906006, 3600.2150371074677, 3600.1699459552765]
objective_function : [0.6468389296956973, 0.4466684155299038, 0.4866998950682035, 0.6736227701993704, 0.6980390870933897]
sparsity : [30, 28, 12, 34, 37]
accuracy_train : [0.35362014690451204, 0.5784365162644282, 0.5133788037775446, 0.3286988457502623, 0.30220356768100737]
balanced_accuracy_train : [0.3379963898916968, 0.5423469889044029, 0.47163480876225217, 0.31267092069279856, 0.29280976521024826]
accuracy_test : [0.35571878279118574, 0.5445960125918153, 0.5351521511017838, 0.3001049317943337, 0.28751311647429173]
balanced_accuracy_test : [0.33566227566620344, 0.5303035663206961, 0.48861787350425134, 0.30286738351254483, 0.2801724137931034]
overall_misclassification_rate_train : [0.03224116969934021, 0.029472034665341082, 0.0330118707784553, 0.04032433851136141, 0.034536440655317135]
statistical_parity_train : [0.03569339185841655, 0.03494816824303271, 0.03055392790683753, 0.04641430452499162, 0.017381805061870273]
predictive_equality_train : [0.04537312540927896, 0.04304128703203053, 0.02730825145224662, 0.06168818092111883, 0.022699324785926955]
equal_opportunity_train : [0.050835685570096656, 0.03378540844951594, 0.06820284042074243, 0.10891719302150865, 0.03260765930398857]
max_equalized_odds_train : [0.050835685570096656, 0.04304128703203053, 0.06820284042074243, 0.10891719302150865, 0.03260765930398857]
mean_equalized_odds_train : [0.03397033051366268, 0.03771990946539073, 0.037939557241275824, 0.045861569971262006, 0.01808600508249107]
overall_misclassification_rate_test : [0.04361979166666663, 0.07222557433740692, 0.0702698383101143, 0.049520496007850495, 0.07780144676696402]
statistical_parity_test : [0.04594936933106576, 0.010982429913275277, 0.006876925672375966, 0.0007984299032071096, 0.01681533750499268]
predictive_equality_test : [0.06615603386982094, 0.04399594663063672, 0.05290408932408158, 0.0031639449519993423, 0.021937321937321896]
equal_opportunity_test : [0.11172161172161171, 0.08810543216483802, 0.07405456035593022, 0.03453806672369547, 0.018686868686868682]
max_equalized_odds_test : [0.11172161172161171, 0.08810543216483802, 0.07405456035593022, 0.03453806672369547, 0.021937321937321896]
mean_equalized_odds_test : [0.053440065198652485, 0.04450283891189182, 0.04657520867860326, 0.010111354266433406, 0.01643572703383823]
end
