dataset : data/customer.csv
labels_name : ['A', 'B', 'C', 'D']
s : 10.0
sp : 0.06
a : 1.0
sensitive_groups : ['Gender == Female']
sensitive_labels : ['A', 'B', 'C', 'D']
time_limit : 3600
lambda_bound : 9
n_folds : 5
nb_samples : 4765
nb_features : 33
nb_labels : 4
optimality_gap : [0.9914399992128473, 0.9848850681981014, 0.9895741960887346, 0.9913425941438879, 0.9932064482875529]
execution_time : [3600.0253319740295, 3600.1285729408264, 3600.1446540355682, 3600.1795420646667, 3600.4774889945984]
objective_function : [0.7088864113326345, 0.4240818467995787, 0.7119687827911865, 0.7122311122770207, 0.7125918153200427]
sparsity : [11, 24, 1, 1, 16]
accuracy_train : [0.29118572927597064, 0.5781741867785939, 0.28803777544596015, 0.28777544596012594, 0.28777544596012594]
balanced_accuracy_train : [0.25051399677127617, 0.5420105151493557, 0.25, 0.25, 0.2536474955103348]
accuracy_test : [0.2812172088142707, 0.5445960125918153, 0.291710388247639, 0.29275970619097585, 0.304302203567681]
balanced_accuracy_test : [0.25, 0.5303035663206961, 0.25, 0.25, 0.2512876929735969]
overall_misclassification_rate_train : [0.0641781248572253, 0.029472034665341082, 0.06483902979455436, 0.06446289079876866, 0.07073210929078588]
statistical_parity_train : [0.0005889281507656066, 0.035525202288041346, 0.0, 0.0, 0.04163325939189855]
predictive_equality_train : [9.558680133048281e-05, 0.04304128703203053, 0.0, 0.0, 0.04255319148936165]
equal_opportunity_train : [0.002183406113537118, 0.03378540844951594, 0.0, 0.0, 0.07485604606525911]
max_equalized_odds_train : [0.002183406113537118, 0.04304128703203053, 0.0, 0.0, 0.07485604606525911]
mean_equalized_odds_train : [0.0005658985414938805, 0.03771990946539073, 0.0, 0.0, 0.04189833494764123]
overall_misclassification_rate_test : [0.050719246031746046, 0.07222557433740692, 0.04908855207195684, 0.05031892591105758, 0.10233879199396434]
statistical_parity_test : [0.0, 0.010590682720796774, 0.0, 0.0, 0.03474903474903479]
predictive_equality_test : [0.0, 0.04077014017902382, 0.0, 0.0, 0.03254437869822491]
equal_opportunity_test : [0.0, 0.08810543216483802, 0.0, 0.0, 0.0546875]
max_equalized_odds_test : [0.0, 0.08810543216483802, 0.0, 0.0, 0.0546875]
mean_equalized_odds_test : [0.0, 0.04208080667546846, 0.0, 0.0, 0.034846562474776015]
end
