dataset : data/customer.csv
labels_name : ['A', 'B', 'C', 'D']
s : 10.0
sp : 0.07
a : 1.0
sensitive_groups : ['Gender == Female']
sensitive_labels : ['A', 'B', 'C', 'D']
time_limit : 3600
lambda_bound : 9
n_folds : 5
nb_samples : 4765
nb_features : 33
nb_labels : 4
optimality_gap : [0.9897590909254653, 0.988693858097153, 0.9896902369311443, 0.9892662467601014, 0.9932304158191816]
execution_time : [3600.0554718971252, 3600.013701915741, 3600.1724939346313, 3600.323621034622, 3600.3547670841217]
objective_function : [0.7093454879328445, 0.42280299055613696, 0.7119687827911865, 0.570094438614899, 0.715116736621197]
sparsity : [1, 29, 1, 8, 1]
accuracy_train : [0.2906610703043022, 0.5781741867785939, 0.28803777544596015, 0.4299580272822665, 0.2848898216159496]
balanced_accuracy_train : [0.25, 0.5420105151493557, 0.25, 0.3943712448712141, 0.25]
accuracy_test : [0.2812172088142707, 0.5445960125918153, 0.291710388247639, 0.4218258132214061, 0.304302203567681]
balanced_accuracy_test : [0.25, 0.5303035663206961, 0.25, 0.39634155969241947, 0.25]
overall_misclassification_rate_train : [0.06429401611111296, 0.029472034665341082, 0.06483902979455436, 0.1056135340486486, 0.0535418392709196]
statistical_parity_train : [0.0, 0.035525202288041346, 0.0, 0.04755200270467452, 0.0]
predictive_equality_train : [0.0, 0.04304128703203053, 0.0, 0.10386652435708965, 0.0]
equal_opportunity_train : [0.0, 0.03378540844951594, 0.0, 0.11927239623722985, 0.0]
max_equalized_odds_train : [0.0, 0.04304128703203053, 0.0, 0.11927239623722985, 0.0]
mean_equalized_odds_train : [0.0, 0.03771990946539073, 0.0, 0.10781902768835333, 0.0]
overall_misclassification_rate_test : [0.050719246031746046, 0.07222557433740692, 0.04908855207195684, 0.06212587537356706, 0.09461678427195663]
statistical_parity_test : [0.0, 0.010982429913275277, 0.0, 0.05582318569070882, 0.0]
predictive_equality_test : [0.0, 0.04399594663063672, 0.0, 0.08285049006335632, 0.0]
equal_opportunity_test : [0.0, 0.08810543216483802, 0.0, 0.05796425796425797, 0.0]
max_equalized_odds_test : [0.0, 0.08810543216483802, 0.0, 0.08285049006335632, 0.0]
mean_equalized_odds_test : [0.0, 0.04450283891189182, 0.0, 0.07692270969977257, 0.0]
end
