dataset : data/customer.csv
labels_name : ['A', 'B', 'C', 'D']
s : 10.0
sp : 0.08
a : 1.0
sensitive_groups : ['Gender == Female']
sensitive_labels : ['A', 'B', 'C', 'D']
time_limit : 3600
lambda_bound : 9
n_folds : 5
nb_samples : 4765
nb_features : 33
nb_labels : 4
optimality_gap : [0.9915238059461507, 0.9846470695619883, 0.9883625905828326, 0.9914197765108004, 0.990716134387754]
execution_time : [3600.107064962387, 3600.091964006424, 3600.010516166687, 3600.242861032486, 3600.013514995575]
objective_function : [0.7093454879328445, 0.42309155299055456, 0.6547612801678906, 0.7120015739769158, 0.5214454354669442]
sparsity : [1, 33, 38, 6, 30]
accuracy_train : [0.2906610703043022, 0.5779118572927597, 0.34575026232948586, 0.28803777544596015, 0.5703043022035676]
balanced_accuracy_train : [0.25, 0.5417548914274743, 0.33557249428607894, 0.2503259452411995, 0.5405741456151137]
accuracy_test : [0.2812172088142707, 0.5445960125918153, 0.3934942287513116, 0.29275970619097585, 0.559286463798531]
balanced_accuracy_test : [0.25, 0.5303035663206961, 0.35071942446043164, 0.25, 0.5224811234550089]
overall_misclassification_rate_train : [0.06429401611111296, 0.030530069191350206, 0.027250319073274798, 0.06329738963326748, 0.03473020284897238]
statistical_parity_train : [0.0, 0.035525202288041346, 0.04064624690495444, 0.0011655011655011815, 0.02787948436984966]
predictive_equality_train : [0.0, 0.04383619959164897, 0.05159494628358019, 0.001558846453624363, 0.04117135518838352]
equal_opportunity_train : [0.0, 0.03378540844951594, 0.07125748502994012, 0.0026595744680851063, 0.02786894854061661]
max_equalized_odds_train : [0.0, 0.04383619959164897, 0.07125748502994012, 0.0026595744680851063, 0.04117135518838352]
mean_equalized_odds_train : [0.0, 0.03882093679749528, 0.03940799625153943, 0.0011312386350269593, 0.03774804434854634]
overall_misclassification_rate_test : [0.050719246031746046, 0.07039742077250746, 0.05828738357173935, 0.047954859717204146, 0.04657169484755691]
statistical_parity_test : [0.0, 0.010590682720796774, 0.04656242508191044, 0.0023640661938534313, 0.06071983313362622]
predictive_equality_test : [0.0, 0.04399594663063672, 0.06684652531693747, 0.003215434083601254, 0.03827751196172248]
equal_opportunity_test : [0.0, 0.08810543216483802, 0.09389170445452122, 0.0, 0.08058840090090091]
max_equalized_odds_test : [0.0, 0.08810543216483802, 0.09389170445452122, 0.003215434083601254, 0.08058840090090091]
mean_equalized_odds_test : [0.0, 0.04265141076124238, 0.04839884834069974, 0.002375755462213656, 0.04240257101033015]
end
