dataset : data/customer.csv
labels_name : ['A', 'B', 'C', 'D']
s : 10.0
sp : 0.09
a : 1.0
sensitive_groups : ['Gender == Female']
sensitive_labels : ['A', 'B', 'C', 'D']
time_limit : 3600
lambda_bound : 9
n_folds : 5
nb_samples : 4765
nb_features : 33
nb_labels : 4
optimality_gap : [0.9907870172173284, 0.9904135123598329, 0.9823983278112194, 0.9912785880985671, 0.9897742095051253]
execution_time : [3600.1914138793945, 3600.0108230113983, 3600.0108349323273, 3600.0106241703033, 3600.181493997574]
objective_function : [0.7093454879328445, 0.49860965372507643, 0.4760427597061888, 0.7118835257082903, 0.715116736621197]
sparsity : [1, 28, 27, 28, 1]
accuracy_train : [0.2906610703043022, 0.5781741867785939, 0.5246589716684156, 0.28908709338929695, 0.2848898216159496]
balanced_accuracy_train : [0.25, 0.5420105151493557, 0.49215241826907, 0.25161486361631263, 0.25]
accuracy_test : [0.2812172088142707, 0.5445960125918153, 0.55299055613851, 0.2938090241343127, 0.304302203567681]
balanced_accuracy_test : [0.25, 0.5303035663206961, 0.5028196042122286, 0.2511013215859031, 0.25]
overall_misclassification_rate_train : [0.06429401611111296, 0.029472034665341082, 0.044496560132611995, 0.060492624423922114, 0.0535418392709196]
statistical_parity_train : [0.0, 0.035525202288041346, 0.07554235497649925, 0.006301268705848906, 0.0]
predictive_equality_train : [0.0, 0.04304128703203053, 0.06215481884206078, 0.006266954632343058, 0.0]
equal_opportunity_train : [0.0, 0.03378540844951594, 0.08823722015307167, 0.00542117864722207, 0.0]
max_equalized_odds_train : [0.0, 0.04304128703203053, 0.08823722015307167, 0.006266954632343058, 0.0]
mean_equalized_odds_train : [0.0, 0.03771990946539073, 0.046588354391556036, 0.005792695808671146, 0.0]
overall_misclassification_rate_test : [0.050719246031746046, 0.07222557433740692, 0.051619118652495466, 0.05313796333467158, 0.09461678427195663]
statistical_parity_test : [0.0, 0.010982429913275277, 0.05991671328236686, 0.0028190374236138904, 0.0]
predictive_equality_test : [0.0, 0.04399594663063672, 0.05840613661927763, 0.004588415579353855, 0.0]
equal_opportunity_test : [0.0, 0.08810543216483802, 0.07675170679123244, 0.00909090909090909, 0.0]
max_equalized_odds_test : [0.0, 0.08810543216483802, 0.07675170679123244, 0.00909090909090909, 0.0]
mean_equalized_odds_test : [0.0, 0.04450283891189182, 0.05112489326860547, 0.005265220665193084, 0.0]
end
