dataset : data/customer.csv
labels_name : ['A', 'B', 'C', 'D']
s : 10.0
sp : 0.1
a : 1.0
sensitive_groups : ['Gender == Female']
sensitive_labels : ['A', 'B', 'C', 'D']
time_limit : 3600
lambda_bound : 9
n_folds : 5
nb_samples : 4765
nb_features : 33
nb_labels : 4
optimality_gap : [0.9904648248769103, 0.9836930371902501, 0.9835348431683589, 0.9904031833800058, 0.988731472640145]
execution_time : [3600.3613131046295, 3600.147924900055, 3600.1798231601715, 3600.009670972824, 3600.4817550182343]
objective_function : [0.7093454879328445, 0.4487342602308481, 0.4774003147953808, 0.7122311122770207, 0.43020068205666157]
sparsity : [1, 23, 34, 1, 37]
accuracy_train : [0.2906610703043022, 0.5514165792235047, 0.522822665267576, 0.28777544596012594, 0.5710912906610703]
balanced_accuracy_train : [0.25, 0.5052646995572823, 0.48868198926018036, 0.25, 0.5417972902825067]
accuracy_test : [0.2812172088142707, 0.5246589716684156, 0.5414480587618048, 0.29275970619097585, 0.5634837355718783]
balanced_accuracy_test : [0.25, 0.501719370580752, 0.49178062653956234, 0.25, 0.5280991009830989]
overall_misclassification_rate_train : [0.06429401611111296, 0.05063522316840263, 0.027873573217051917, 0.06446289079876866, 0.032832669642141266]
statistical_parity_train : [0.0, 0.09979053025792778, 0.06365765838491161, 0.0, 0.02907769195820087]
predictive_equality_train : [0.0, 0.08020814731035575, 0.04634754527245227, 0.0, 0.036729730822901284]
equal_opportunity_train : [0.0, 0.1787715810400753, 0.08899439282937016, 0.0, 0.0335080462849775]
max_equalized_odds_train : [0.0, 0.1787715810400753, 0.08899439282937016, 0.0, 0.036729730822901284]
mean_equalized_odds_train : [0.0, 0.06260262587522454, 0.03551066155618249, 0.0, 0.03590064568866644]
overall_misclassification_rate_test : [0.050719246031746046, 0.07222557433740692, 0.05932624774690781, 0.05031892591105758, 0.04694004349176764]
statistical_parity_test : [0.0, 0.08155996433749702, 0.04927057528213602, 0.0, 0.06108818177783695]
predictive_equality_test : [0.0, 0.059483195406181355, 0.05729822988641842, 0.0, 0.04300524037366142]
equal_opportunity_test : [0.0, 0.22009633395772005, 0.08458498023715416, 0.0, 0.08058840090090091]
max_equalized_odds_test : [0.0, 0.22009633395772005, 0.08458498023715416, 0.0, 0.08058840090090091]
mean_equalized_odds_test : [0.0, 0.06265438437306692, 0.05974147356468587, 0.0, 0.04590992041981686]
end
