dataset : data/customer.csv
labels_name : ['A', 'B', 'C', 'D']
s : 10.0
sp : 0.12
a : 1.0
sensitive_groups : ['Gender == Female']
sensitive_labels : ['A', 'B', 'C', 'D']
time_limit : 3600
lambda_bound : 9
n_folds : 5
nb_samples : 4765
nb_features : 33
nb_labels : 4
optimality_gap : [0.9901531965424879, 0.9857741517340798, 0.9896340947290174, 0.9914182593479559, 0.9903294680862154]
execution_time : [3600.0917670726776, 3600.167156934738, 3600.0086319446564, 3600.075859069824, 3600.3807380199432]
objective_function : [0.7093454879328445, 0.42320960125917995, 0.7119687827911865, 0.7122311122770207, 0.5006033578174163]
sparsity : [1, 11, 1, 1, 12]
accuracy_train : [0.2906610703043022, 0.5768625393494229, 0.28803777544596015, 0.28777544596012594, 0.4994753410283316]
balanced_accuracy_train : [0.25, 0.5406365996569084, 0.25, 0.25, 0.46176652492201]
accuracy_test : [0.2812172088142707, 0.5445960125918153, 0.291710388247639, 0.29275970619097585, 0.5152151101783841]
balanced_accuracy_test : [0.25, 0.5303035663206961, 0.25, 0.25, 0.46018222009517745]
overall_misclassification_rate_train : [0.06429401611111296, 0.03158810371735933, 0.06483902979455436, 0.06446289079876866, 0.12500779503077925]
statistical_parity_train : [0.0, 0.036391169686034175, 0.0, 0.0, 0.09318068435915938]
predictive_equality_train : [0.0, 0.04272755885177504, 0.0, 0.0, 0.14883448994636367]
equal_opportunity_train : [0.0, 0.03542637784480396, 0.0, 0.0, 0.182005219004076]
max_equalized_odds_train : [0.0, 0.04272755885177504, 0.0, 0.0, 0.182005219004076]
mean_equalized_odds_train : [0.0, 0.04003695152133911, 0.0, 0.0, 0.11304261116691158]
overall_misclassification_rate_test : [0.050719246031746046, 0.07222557433740692, 0.04908855207195684, 0.05031892591105758, 0.11457861802689384]
statistical_parity_test : [0.0, 0.010982429913275277, 0.0, 0.0, 0.07296409710202813]
predictive_equality_test : [0.0, 0.04399594663063672, 0.0, 0.0, 0.11455621301775143]
equal_opportunity_test : [0.0, 0.08810543216483802, 0.0, 0.0, 0.16356981981981983]
max_equalized_odds_test : [0.0, 0.08810543216483802, 0.0, 0.0, 0.16356981981981983]
mean_equalized_odds_test : [0.0, 0.04450283891189182, 0.0, 0.0, 0.08799565597047229]
end
