dataset : data/customer.csv
labels_name : ['A', 'B', 'C', 'D']
s : 10.0
sp : 0.15
a : 1.0
sensitive_groups : ['Gender == Female']
sensitive_labels : ['A', 'B', 'C', 'D']
time_limit : 3600
lambda_bound : 9
n_folds : 5
nb_samples : 4765
nb_features : 33
nb_labels : 4
optimality_gap : [0.9894073532312615, 0.9890129822963487, 0.982649595511996, 0.9904742660285284, 0.9907493345643961]
execution_time : [3600.0155680179596, 3600.1456978321075, 3600.0923058986664, 3600.2146620750427, 3600.2729110717773]
objective_function : [0.7093454879328445, 0.6864834732423926, 0.477393756558235, 0.7122311122770207, 0.714893756558238]
sparsity : [1, 35, 33, 1, 7]
accuracy_train : [0.2906610703043022, 0.31374606505771246, 0.522822665267576, 0.28777544596012594, 0.2851521511017838]
balanced_accuracy_train : [0.25, 0.3000183407154713, 0.48868198926018036, 0.25, 0.2502548419979613]
accuracy_test : [0.2812172088142707, 0.28961175236096537, 0.5414480587618048, 0.29275970619097585, 0.304302203567681]
balanced_accuracy_test : [0.25, 0.29520380372062965, 0.49178062653956234, 0.25, 0.25]
overall_misclassification_rate_train : [0.06429401611111296, 0.023634803784832625, 0.027873573217051917, 0.06446289079876866, 0.05295498481082572]
statistical_parity_train : [0.0, 0.03646916226258407, 0.06365765838491161, 0.0, 0.0005868544600938967]
predictive_equality_train : [0.0, 0.029969002432796765, 0.04634754527245227, 0.0, 0.0007880220646178104]
equal_opportunity_train : [0.0, 0.09222028264344521, 0.08899439282937016, 0.0, 0.0022271714922048997]
max_equalized_odds_train : [0.0, 0.09222028264344521, 0.08899439282937016, 0.0, 0.0022271714922048997]
mean_equalized_odds_train : [0.0, 0.027525205256338153, 0.03551066155618249, 0.0, 0.000573151950118837]
overall_misclassification_rate_test : [0.050719246031746046, 0.07222557433740692, 0.05932624774690781, 0.05031892591105758, 0.09461678427195663]
statistical_parity_test : [0.0, 0.02508983168379253, 0.04927057528213602, 0.0, 0.0]
predictive_equality_test : [0.0, 0.03452404241167495, 0.05729822988641842, 0.0, 0.0]
equal_opportunity_test : [0.0, 0.05246212121212121, 0.08458498023715416, 0.0, 0.0]
max_equalized_odds_test : [0.0, 0.05246212121212121, 0.08458498023715416, 0.0, 0.0]
mean_equalized_odds_test : [0.0, 0.026228128757662814, 0.05974147356468587, 0.0, 0.0]
end
