dataset : data/customer.csv
labels_name : ['A', 'B', 'C', 'D']
s : 10.0
sp : 0.2
a : 1.0
sensitive_groups : ['Gender == Female']
sensitive_labels : ['A', 'B', 'C', 'D']
time_limit : 3600
lambda_bound : 9
n_folds : 5
nb_samples : 4765
nb_features : 33
nb_labels : 4
optimality_gap : [0.991139065814744, 0.9887535245167695, 0.9851874892927739, 0.9904475764405549, 0.9821012207504884]
execution_time : [3600.0106880664825, 3600.29150891304, 3600.204255104065, 3600.1928198337555, 3600.0155878067017]
objective_function : [0.7093454879328445, 0.42466552990555984, 0.4766395592864616, 0.7115359391395599, 0.42747901364113167]
sparsity : [1, 33, 38, 15, 22]
accuracy_train : [0.2906610703043022, 0.5755508919202519, 0.527806925498426, 0.2885624344176285, 0.5742392444910808]
balanced_accuracy_train : [0.25, 0.5397039742751922, 0.5043954929081678, 0.25077108763940714, 0.5395850051846411]
accuracy_test : [0.2812172088142707, 0.5424973767051416, 0.5645330535152151, 0.291710388247639, 0.5697796432318992]
balanced_accuracy_test : [0.25, 0.5284801808246891, 0.5198374750316042, 0.24910394265232974, 0.5232214640715156]
overall_misclassification_rate_train : [0.06429401611111296, 0.03284070335426367, 0.05396980042784352, 0.062714639050517, 0.03877025594426775]
statistical_parity_train : [0.0, 0.036391169686034175, 0.07799723585812965, 0.0017482517482517723, 0.025196880205967]
predictive_equality_train : [0.0, 0.04492365611356355, 0.030009888391186346, 0.002338269680436489, 0.04014298062144117]
equal_opportunity_train : [0.0, 0.03542637784480396, 0.17782916547292593, 0.004338394793926247, 0.042211598037409814]
max_equalized_odds_train : [0.0, 0.04492365611356355, 0.17782916547292593, 0.004338394793926247, 0.042211598037409814]
mean_equalized_odds_train : [0.0, 0.040709642600209865, 0.06039772503752166, 0.001665373080373837, 0.03987961914689526]
overall_misclassification_rate_test : [0.050719246031746046, 0.07222557433740692, 0.05162799783347985, 0.047954859717204146, 0.032512315270935954]
statistical_parity_test : [0.0, 0.017025242928287748, 0.07230761034602168, 0.007092198581560294, 0.04918563884081123]
predictive_equality_test : [0.0, 0.05446715081911839, 0.047546959176596904, 0.006430868167202619, 0.04596719070403281]
equal_opportunity_test : [0.0, 0.07459191865132453, 0.1741286381602587, 0.008928571428571397, 0.06266128498643553]
max_equalized_odds_test : [0.0, 0.07459191865132453, 0.1741286381602587, 0.008928571428571397, 0.06266128498643553]
mean_equalized_odds_test : [0.0, 0.043533673962036515, 0.06301421085460866, 0.007162095040153185, 0.05027647422289018]
end
