dataset : data/customer.csv
labels_name : ['A', 'B', 'C', 'D']
s : 10.0
sp : 0.25
a : 1.0
sensitive_groups : ['Gender == Female']
sensitive_labels : ['A', 'B', 'C', 'D']
time_limit : 3600
lambda_bound : 9
n_folds : 5
nb_samples : 4765
nb_features : 33
nb_labels : 4
optimality_gap : [0.9900753970521318, 0.9893413903060301, 0.9818251052799909, 0.9892519184333306, 0.9903715588155401]
execution_time : [3600.1354830265045, 3600.0121500492096, 3600.1090788841248, 3600.0104229450226, 3600.1320340633392]
objective_function : [0.7093454879328445, 0.7075091815320049, 0.447199632738718, 0.6175236096537242, 0.715116736621197]
sparsity : [1, 1, 29, 40, 1]
accuracy_train : [0.2906610703043022, 0.29249737670514164, 0.55299055613851, 0.40320041972717735, 0.2848898216159496]
balanced_accuracy_train : [0.25, 0.25, 0.5252707438505444, 0.39744048686056554, 0.25]
accuracy_test : [0.2812172088142707, 0.2738719832109129, 0.6107030430220357, 0.3955928646379853, 0.304302203567681]
balanced_accuracy_test : [0.25, 0.25, 0.5621674858347516, 0.39105338183349697, 0.25]
overall_misclassification_rate_train : [0.06429401611111296, 0.061258034137434025, 0.027724927521305176, 0.06668490542536343, 0.0535418392709196]
statistical_parity_train : [0.0, 0.0, 0.0401961343768224, 0.044249007989466016, 0.0]
predictive_equality_train : [0.0, 0.0, 0.028490188430976282, 0.0409484833895041, 0.0]
equal_opportunity_train : [0.0, 0.0, 0.06933246019727424, 0.11940023372937478, 0.0]
max_equalized_odds_train : [0.0, 0.0, 0.06933246019727424, 0.11940023372937478, 0.0]
mean_equalized_odds_train : [0.0, 0.0, 0.029761172327008256, 0.05176197604108114, 0.0]
overall_misclassification_rate_test : [0.050719246031746046, 0.07222557433740692, 0.02897720714241317, 0.068731879209599, 0.09461678427195663]
statistical_parity_test : [0.0, 0.0, 0.029572112268364398, 0.03282037557428967, 0.0]
predictive_equality_test : [0.0, 0.0, 0.027156493254904726, 0.030325344758334455, 0.0]
equal_opportunity_test : [0.0, 0.0, 0.033929047746065644, 0.1183704020530368, 0.0]
max_equalized_odds_test : [0.0, 0.0, 0.033929047746065644, 0.1183704020530368, 0.0]
mean_equalized_odds_test : [0.0, 0.0, 0.02913211775494957, 0.03825001946948085, 0.0]
end
