dataset : data/customer.csv
labels_name : ['A', 'B', 'C', 'D']
s : 10.0
sp : 0.3
a : 1.0
sensitive_groups : ['Gender == Female']
sensitive_labels : ['A', 'B', 'C', 'D']
time_limit : 3600
lambda_bound : 9
n_folds : 5
nb_samples : 4765
nb_features : 33
nb_labels : 4
optimality_gap : [0.9904467288127614, 0.9885762100280728, 0.9889930029087772, 0.9889364777198061, 0.9897374872079053]
execution_time : [3600.0175290107727, 3600.056349992752, 3600.0895190238953, 3600.0106148719788, 3600.220789909363]
objective_function : [0.7091159496327395, 0.7072862014690457, 0.7119687827911865, 0.6358866736621189, 0.6961568730325292]
sparsity : [6, 7, 1, 40, 30]
accuracy_train : [0.2909233997901364, 0.29275970619097585, 0.28803777544596015, 0.3919202518363064, 0.304302203567681]
balanced_accuracy_train : [0.2502609603340292, 0.25025562372188137, 0.25, 0.36911674081575235, 0.2946593001841621]
accuracy_test : [0.2812172088142707, 0.2738719832109129, 0.291710388247639, 0.38405036726128017, 0.3074501573976915]
balanced_accuracy_test : [0.25, 0.25, 0.25, 0.3632832434623644, 0.296551724137931]
overall_misclassification_rate_train : [0.06370508796034735, 0.060681000092425386, 0.06483902979455436, 0.0670129806580188, 0.028419568645268206]
statistical_parity_train : [0.0005889281507656108, 0.0005770340450086555, 0.0, 0.07517816153312337, 0.028356094823208777]
predictive_equality_train : [0.0007905138339920903, 0.0007788161993769194, 0.0, 0.06592021265883966, 0.03677917231597272]
equal_opportunity_train : [0.002277904328018223, 0.002105263157894737, 0.0, 0.10586162716207559, 0.06790613909635043]
max_equalized_odds_train : [0.002277904328018223, 0.002105263157894737, 0.0, 0.10586162716207559, 0.06790613909635043]
mean_equalized_odds_train : [0.0005724638893602985, 0.0005510145041237018, 0.0, 0.07616751155290176, 0.0274589518392598]
overall_misclassification_rate_test : [0.050719246031746046, 0.07222557433740692, 0.04908855207195684, 0.0672509924617512, 0.062224293258776014]
statistical_parity_test : [0.0, 0.0, 0.0, 0.04711628529372408, 0.03657746416367107]
predictive_equality_test : [0.0, 0.0, 0.0, 0.06833284573912317, 0.04805318138651471]
equal_opportunity_test : [0.0, 0.0, 0.0, 0.050826699326393165, 0.06565656565656566]
max_equalized_odds_test : [0.0, 0.0, 0.0, 0.06833284573912317, 0.06565656565656566]
mean_equalized_odds_test : [0.0, 0.0, 0.0, 0.06251113678509554, 0.03600206874078857]
end
