dataset : data/customer.csv
labels_name : ['A', 'B', 'C', 'D']
s : 10.0
sp : 0.4
a : 1.0
sensitive_groups : ['Gender == Female']
sensitive_labels : ['A', 'B', 'C', 'D']
time_limit : 3600
lambda_bound : 9
n_folds : 5
nb_samples : 4765
nb_features : 33
nb_labels : 4
optimality_gap : [0.9900447883009333, 0.9889926006456229, 0.9887972399340765, 0.9895163079442124, 0.9889812072813556]
execution_time : [3600.249582052231, 3600.0898139476776, 3600.0080511569977, 3600.1590502262115, 3600.3073880672455]
objective_function : [0.7093454879328445, 0.7075091815320049, 0.7119687827911865, 0.633755246589716, 0.44000524658971496]
sparsity : [1, 1, 1, 35, 12]
accuracy_train : [0.2906610703043022, 0.29249737670514164, 0.28803777544596015, 0.39664218258132217, 0.5600734522560336]
balanced_accuracy_train : [0.25, 0.25, 0.25, 0.3834833651507336, 0.5236613243682401]
accuracy_test : [0.2812172088142707, 0.2738719832109129, 0.291710388247639, 0.3777544596012592, 0.5582371458551941]
balanced_accuracy_test : [0.25, 0.25, 0.25, 0.36571705659418535, 0.5084039774173532]
overall_misclassification_rate_train : [0.06429401611111296, 0.061258034137434025, 0.06483902979455436, 0.04378636630545024, 0.04969109406597716]
statistical_parity_train : [0.0, 0.0, 0.0, 0.08691547002615704, 0.014855101513572222]
predictive_equality_train : [0.0, 0.0, 0.0, 0.05278850633771233, 0.039257609859296605]
equal_opportunity_train : [0.0, 0.0, 0.0, 0.11271562278935626, 0.07384675106213212]
max_equalized_odds_train : [0.0, 0.0, 0.0, 0.11271562278935626, 0.07384675106213212]
mean_equalized_odds_train : [0.0, 0.0, 0.0, 0.06801211385704711, 0.04802285393115891]
overall_misclassification_rate_test : [0.050719246031746046, 0.07222557433740692, 0.04908855207195684, 0.0754360140951871, 0.06628944215151111]
statistical_parity_test : [0.0, 0.0, 0.0, 0.07945492662473796, 0.06019615674788087]
predictive_equality_test : [0.0, 0.0, 0.0, 0.0794114781253045, 0.06870845204178538]
equal_opportunity_test : [0.0, 0.0, 0.0, 0.09191919191919196, 0.06266128498643553]
max_equalized_odds_test : [0.0, 0.0, 0.0, 0.09191919191919196, 0.06870845204178538]
mean_equalized_odds_test : [0.0, 0.0, 0.0, 0.06721348645876843, 0.06512157525897033]
end
