dataset : data/customer.csv
labels_name : ['A', 'B', 'C', 'D']
s : 10.0
sp : 0.5
a : 1.0
sensitive_groups : ['Gender == Female']
sensitive_labels : ['A', 'B', 'C', 'D']
time_limit : 3600
lambda_bound : 9
n_folds : 5
nb_samples : 4765
nb_features : 33
nb_labels : 4
optimality_gap : [0.9888095102103381, 0.9903114435270096, 0.9835899251755582, 0.9852537853927443, 0.9932304315476566]
execution_time : [3600.03160405159, 3600.8926169872284, 3600.1828768253326, 3600.02911901474, 3600.3033719062805]
objective_function : [0.5811647429171025, 0.4933630640083922, 0.48941500524658754, 0.4660152151101764, 0.715116736621197]
sparsity : [16, 28, 26, 18, 1]
accuracy_train : [0.419202518363064, 0.5186253934942288, 0.5131164742917104, 0.5351521511017838, 0.2848898216159496]
balanced_accuracy_train : [0.38899906167331155, 0.4906491266110563, 0.48591178574025673, 0.5087263407824434, 0.25]
accuracy_test : [0.40818467995802726, 0.49527806925498424, 0.5550891920251836, 0.534102833158447, 0.304302203567681]
balanced_accuracy_test : [0.3788144298749169, 0.47284405642766575, 0.5065671764966064, 0.5111064018911589, 0.25]
overall_misclassification_rate_train : [0.08272685434363758, 0.08357251519398085, 0.026775710625244448, 0.032568417587501536, 0.0535418392709196]
statistical_parity_train : [0.09820613711049675, 0.03251402270444392, 0.041922261641477165, 0.040674656132671405, 0.0]
predictive_equality_train : [0.12299755241882271, 0.07971539311202386, 0.03774824392415488, 0.04626135288076194, 0.0]
equal_opportunity_train : [0.01933453083568548, 0.06379533208429555, 0.03140156781407233, 0.07214655388296837, 0.0]
max_equalized_odds_train : [0.12299755241882271, 0.07971539311202386, 0.03774824392415488, 0.07214655388296837, 0.0]
mean_equalized_odds_train : [0.09537491746137279, 0.060183276766993296, 0.03617988901972209, 0.038882096492603414, 0.0]
overall_misclassification_rate_test : [0.08774890164399096, 0.07820084473302652, 0.027050424868810097, 0.042606717516392334, 0.09461678427195663]
statistical_parity_test : [0.10156692885487528, 0.03860285840365274, 0.03127691501735874, 0.07694366385655027, 0.0]
predictive_equality_test : [0.129936655678366, 0.0776051342678602, 0.038515726814835685, 0.05829703950676496, 0.0]
equal_opportunity_test : [0.012820512820512775, 0.1645702306079665, 0.09371182177506288, 0.07202797202797206, 0.0]
max_equalized_odds_test : [0.129936655678366, 0.1645702306079665, 0.09371182177506288, 0.07202797202797206, 0.0]
mean_equalized_odds_test : [0.09958231435004516, 0.06797007364751997, 0.03036157256750181, 0.06156768135599267, 0.0]
end
