dataset : data/customer.csv
labels_name : ['A', 'B', 'C', 'D']
s : 10.0
sp : 0.6
a : 1.0
sensitive_groups : ['Gender == Female']
sensitive_labels : ['A', 'B', 'C', 'D']
time_limit : 3600
lambda_bound : 9
n_folds : 5
nb_samples : 4765
nb_features : 33
nb_labels : 4
optimality_gap : [0.9897163697817118, 0.9895355687461721, 0.9899232847646243, 0.9881455217842193, 0.9931851819345933]
execution_time : [3600.345379114151, 3600.108556032181, 3600.051330089569, 3600.1481862068176, 3600.021996974945]
objective_function : [0.6476652675760751, 0.7070107555089199, 0.7119687827911865, 0.528521773347322, 0.7103685729275976]
sparsity : [36, 5, 1, 29, 37]
accuracy_train : [0.38011542497376705, 0.29302203567681007, 0.28803777544596015, 0.5687303252885625, 0.2898740818467996]
balanced_accuracy_train : [0.3681725874531977, 0.2505122950819672, 0.25, 0.5361112563686963, 0.28202279779906625]
accuracy_test : [0.39979013641133265, 0.2738719832109129, 0.291710388247639, 0.5781741867785939, 0.28541448058761804]
balanced_accuracy_test : [0.3835338525555274, 0.25, 0.25, 0.5463273429475146, 0.278448275862069]
overall_misclassification_rate_train : [0.2164118730589608, 0.0611620005734258, 0.06483902979455436, 0.032568417587501536, 0.028765890727031368]
statistical_parity_train : [0.27326266195524146, 9.603356400817445e-05, 0.0, 0.022096701008914782, 0.021254821783324867]
predictive_equality_train : [0.30577185953921737, 7.110211586669468e-05, 0.0, 0.030019224321488132, 0.026803361105647405]
equal_opportunity_train : [0.7096069868995634, 0.0002784164012570923, 0.0, 0.05272982198943954, 0.05858361142009641]
max_equalized_odds_train : [0.7096069868995634, 0.0002784164012570923, 0.0, 0.05272982198943954, 0.05858361142009641]
mean_equalized_odds_train : [0.26696038651084714, 7.12839474362335e-05, 0.0, 0.03445940188867193, 0.020011113774048406]
overall_misclassification_rate_test : [0.18522356859410433, 0.07222557433740692, 0.04908855207195684, 0.03414960524555065, 0.07743309812275329]
statistical_parity_test : [0.26077097505668934, 0.0024630541871921707, 0.0, 0.005896783977875908, 0.01718368614920339]
predictive_equality_test : [0.2632344386271087, 0.003278688524590164, 0.0, 0.02803456358446338, 0.01937321937321934]
equal_opportunity_test : [0.6864406779661016, 0.0, 0.0, 0.07378100940975196, 0.022222222222222213]
max_equalized_odds_test : [0.6864406779661016, 0.003278688524590164, 0.0, 0.07378100940975196, 0.022222222222222213]
mean_equalized_odds_test : [0.2510149179126342, 0.002490839970412674, 0.0, 0.02500289919936011, 0.014514668029883116]
end
