dataset : data/customer.csv
labels_name : ['A', 'B', 'C', 'D']
s : 10.0
sp : 0.7
a : 1.0
sensitive_groups : ['Gender == Female']
sensitive_labels : ['A', 'B', 'C', 'D']
time_limit : 3600
lambda_bound : 9
n_folds : 5
nb_samples : 4765
nb_features : 33
nb_labels : 4
optimality_gap : [0.9875462258252605, 0.9907396463375683, 0.9825432215899955, 0.991017069216234, 0.9931852691009734]
execution_time : [3600.0114409923553, 3600.0121619701385, 3600.0689358711243, 3600.236899137497, 3600.01496386528]
objective_function : [0.5427137985309529, 0.7072796432319, 0.4159627492130101, 0.7118376180482693, 0.7103751311647435]
sparsity : [33, 6, 26, 21, 38]
accuracy_train : [0.5574501573976915, 0.29275970619097585, 0.5842077649527807, 0.2883001049317943, 0.2898740818467996]
balanced_accuracy_train : [0.5324900521376635, 0.2503364737550471, 0.5470668443647928, 0.2505112474437628, 0.28202279779906625]
accuracy_test : [0.5372507869884575, 0.2738719832109129, 0.6306400839454355, 0.29275970619097585, 0.28541448058761804]
balanced_accuracy_test : [0.5158802847394038, 0.25, 0.5769457772700446, 0.25, 0.278448275862069]
overall_misclassification_rate_train : [0.0734939987274249, 0.06173903461843444, 0.04182678322641886, 0.062714639050517, 0.028765890727031368]
statistical_parity_train : [0.09864240082104492, 0.0004810004810005264, 0.061114258156375834, 0.0017482517482517723, 0.021254821783324867]
predictive_equality_train : [0.11250308126318098, 0.0007077140835102247, 0.06292916996608006, 0.002338269680436489, 0.026803361105647405]
equal_opportunity_train : [0.1064241917502787, 0.002570694087403599, 0.04886014816027506, 0.004484304932735426, 0.05858361142009641]
max_equalized_odds_train : [0.11250308126318098, 0.002570694087403599, 0.06292916996608006, 0.004484304932735426, 0.05858361142009641]
mean_equalized_odds_train : [0.09380390179097364, 0.0005010560616319187, 0.05454624696567398, 0.001735872583212847, 0.020011113774048406]
overall_misclassification_rate_test : [0.07110083616780044, 0.07222557433740692, 0.043237171803272856, 0.05031892591105758, 0.07743309812275329]
statistical_parity_test : [0.07925878684807253, 0.0, 0.04514175612441507, 0.0, 0.017183686149203403]
predictive_equality_test : [0.09944412125912999, 0.0, 0.0643939073586996, 0.0, 0.022459639126305775]
equal_opportunity_test : [0.12887537993920972, 0.0, 0.031620553359683834, 0.0, 0.022222222222222213]
max_equalized_odds_test : [0.12887537993920972, 0.0, 0.0643939073586996, 0.0, 0.022459639126305775]
mean_equalized_odds_test : [0.0749991776239375, 0.0, 0.0500642319072451, 0.0, 0.016827053867977254]
end
