dataset : data/customer.csv
labels_name : ['A', 'B', 'C', 'D']
s : 10.0
sp : 1.0
a : 1.0
sensitive_groups : ['Gender == Female']
sensitive_labels : ['A', 'B', 'C', 'D']
time_limit : 3600
lambda_bound : 9
n_folds : 5
nb_samples : 4765
nb_features : 33
nb_labels : 4
optimality_gap : [0.9864472223435138, 0.9913465892215649, 0.9892214411594722, 0.9842558988911779, 0.9906209670039356]
execution_time : [3600.1134748458862, 3600.08442401886, 3600.027104139328, 3600.0175659656525, 3600.123610019684]
objective_function : [0.5209535676810051, 0.6678449632738719, 0.7119687827911865, 0.41782528856243295, 0.5163693599160523]
sparsity : [35, 33, 1, 30, 16]
accuracy_train : [0.4792759706190976, 0.3323714585519412, 0.28803777544596015, 0.5823714585519413, 0.4837355718782791]
balanced_accuracy_train : [0.4561290603824365, 0.32432106702148433, 0.25, 0.548239697154943, 0.4463207788865561]
accuracy_test : [0.45855194123819515, 0.316894018887723, 0.291710388247639, 0.5750262329485835, 0.5015739769150053]
balanced_accuracy_test : [0.4356664494107144, 0.3232054856982515, 0.25, 0.5430255285185507, 0.4464838659351822]
overall_misclassification_rate_train : [0.03224116969934021, 0.060296033175433084, 0.06483902979455436, 0.03315116817025213, 0.12844540360442225]
statistical_parity_train : [0.0338274312369274, 0.02974598012105223, 0.0, 0.022458139824552054, 0.09566952632938686]
predictive_equality_train : [0.014033628719613778, 0.036398536705900764, 0.0, 0.03390345360837683, 0.1507409949414068]
equal_opportunity_train : [0.05983356677927004, 0.09738620906142093, 0.0, 0.04593669693883207, 0.1644978326036792]
max_equalized_odds_train : [0.05983356677927004, 0.09738620906142093, 0.0, 0.04593669693883207, 0.1644978326036792]
mean_equalized_odds_train : [0.017535411134004704, 0.03795510193645502, 0.0, 0.03696542790809917, 0.11396835352040335]
overall_misclassification_rate_test : [0.020306299603174593, 0.07222557433740692, 0.04908855207195684, 0.04547035996253178, 0.11789375582479034]
statistical_parity_test : [0.04381466128117914, 0.008933637125025887, 0.0, 0.08008385744234803, 0.050623529933874756]
predictive_equality_test : [0.0182370820668693, 0.012027074611682731, 0.0, 0.06078457624849378, 0.10366863905325452]
equal_opportunity_test : [0.12751831501831506, 0.00990099009900991, 0.0, 0.08585858585858586, 0.11669481981981983]
max_equalized_odds_test : [0.12751831501831506, 0.012027074611682731, 0.0, 0.08585858585858586, 0.11669481981981983]
mean_equalized_odds_test : [0.04896884537325699, 0.01151618966582536, 0.0, 0.06421971074727065, 0.07258310769328614]
end
