dataset : data/synthetic.csv
labels_name : ['L1', 'L2', 'L3']
s : 3.0
sp : 0.03
a : 1.0
sensitive_groups : ['A1']
sensitive_labels : ['L1']
time_limit : 3600
lambda_bound : 9
n_folds : 5
nb_samples : 642
nb_features : 7
nb_labels : 3
optimality_gap : [0.3048819751149238, 0.3269746278699425, 0.4274001132015252, 0.43269314378865, 0.5210745999458826]
execution_time : [3600.001718044281, 3600.0016870498657, 3600.001440048218, 3600.001587867737, 3600.004216194153]
objective_function : [0.17912064110894518, 0.1617933723196881, 0.20233463035019456, 0.2001729355814959, 0.22762645914396887]
sparsity : [8, 9, 9, 8, 9]
accuracy_train : [0.8226120857699805, 0.8401559454191033, 0.7996108949416343, 0.8015564202334631, 0.77431906614786]
balanced_accuracy_train : [0.8202515469464622, 0.838964339990154, 0.7940270323991254, 0.800613280699281, 0.7752052696859257]
accuracy_test : [0.7906976744186046, 0.8449612403100775, 0.8046875, 0.828125, 0.7734375]
balanced_accuracy_test : [0.798790627362056, 0.8392237862097103, 0.8173364854215919, 0.8284770784770785, 0.7627814258911819]
overall_misclassification_rate_train : [0.009747270460144175, 0.05788177339901478, 0.10694854891263164, 0.13248115968399826, 0.12628534217739615]
statistical_parity_train : [0.0236154618168547, 0.028461959496442257, 0.029900735015533808, 0.01451121321020793, 0.02382142262202236]
predictive_equality_train : [0.09994512278776238, 0.06837522911757005, 0.18481028775146421, 0.2163133548537389, 0.21624269450356406]
equal_opportunity_train : [0.23684210526315785, 0.2727109192300774, 0.007207207207207245, 0.026580459770114917, 0.0029476787030213725]
max_equalized_odds_train : [0.23684210526315785, 0.2727109192300774, 0.18481028775146421, 0.2163133548537389, 0.21624269450356406]
mean_equalized_odds_train : [0.14477688313058198, 0.13210565878228966, 0.13090740727499714, 0.15577601089709622, 0.14818747545436367]
overall_misclassification_rate_test : [0.012036591237361588, 0.17647058823529413, 0.203125, 0.1324535679374389, 0.023529411764705882]
statistical_parity_test : [0.11386615310544057, 0.23312439729990356, 0.09375, 0.05376344086021506, 0.022549019607843113]
predictive_equality_test : [0.07925407925407926, 0.08571428571428572, 0.22916666666666666, 0.17976939203354297, 0.08686868686868687]
equal_opportunity_test : [0.2142857142857143, 0.2727272727272727, 0.21572580645161288, 0.038461538461538436, 0.06666666666666665]
max_equalized_odds_test : [0.2142857142857143, 0.2727272727272727, 0.22916666666666666, 0.17976939203354297, 0.08686868686868687]
mean_equalized_odds_test : [0.11589056937894149, 0.14805194805194807, 0.22423135080645162, 0.13671465539832284, 0.08071338383838383]
end
