dataset : data/synthetic.csv
labels_name : ['L1', 'L2', 'L3']
s : 5.0
sp : 0.01
a : 1.0
sensitive_groups : ['A1']
sensitive_labels : ['L1']
time_limit : 3600
lambda_bound : 9
n_folds : 5
nb_samples : 642
nb_features : 7
nb_labels : 3
optimality_gap : [0.2828025688706245, 0.21786033086929404, 0.4397857898721924, 0.4267709099361726, 0.341063874964804]
execution_time : [3600.005026102066, 3600.002102136612, 3600.0017149448395, 3600.0015881061554, 3600.0020010471344]
objective_function : [0.19805068226120853, 0.1766081871345029, 0.211284046692607, 0.20765239948119324, 0.22697795071335927]
sparsity : [9, 9, 9, 11, 10]
accuracy_train : [0.8031189083820662, 0.8245614035087719, 0.7898832684824902, 0.7937743190661478, 0.77431906614786]
balanced_accuracy_train : [0.8004102771051924, 0.8247301686679936, 0.7757901013714967, 0.7907913905728652, 0.7738927330495876]
accuracy_test : [0.7596899224806202, 0.8449612403100775, 0.7265625, 0.8828125, 0.8046875]
balanced_accuracy_test : [0.7552532123960695, 0.8371838025295798, 0.749251379038613, 0.8815073815073816, 0.79369918699187]
overall_misclassification_rate_train : [0.024345366625102643, 0.041735084838533124, 0.14938243540198531, 0.07134300747547348, 0.0020898641588296685]
statistical_parity_train : [0.009017365651896259, 0.004105090311986859, 0.008441312419489255, 0.0037756448164490974, 0.005391243772053356]
predictive_equality_train : [0.09994512278776238, 0.0884393820371825, 0.049019607843137254, 0.19095477386934673, 0.1421235769061856]
equal_opportunity_train : [0.232943469785575, 0.3027522935779816, 0.3009009009009008, 0.051724137931034475, 0.23028739867354453]
max_equalized_odds_train : [0.232943469785575, 0.3027522935779816, 0.3009009009009008, 0.19095477386934673, 0.23028739867354453]
mean_equalized_odds_train : [0.14350013700926825, 0.15528161565614518, 0.1254660703275947, 0.14653099119642218, 0.17025366789810556]
overall_misclassification_rate_test : [0.046461242176215695, 0.14537126325940214, 0.125, 0.0879765395894428, 0.0696078431372549]
statistical_parity_test : [0.05536831969186329, 0.2608486017357763, 0.078125, 0.09824046920821117, 0.03529411764705881]
predictive_equality_test : [0.07925407925407926, 0.09467787114845938, 0.020833333333333332, 0.1320754716981132, 0.13232323232323234]
equal_opportunity_test : [0.25, 0.21212121212121215, 0.018145161290322565, 0.038461538461538436, 0.0]
max_equalized_odds_test : [0.25, 0.21212121212121215, 0.020833333333333332, 0.1320754716981132, 0.13232323232323234]
mean_equalized_odds_test : [0.12558049185956163, 0.1338256514727103, 0.019846270161290317, 0.10355247641509432, 0.09200599747474748]
end
