dataset : data/synthetic.csv
labels_name : ['L1', 'L2', 'L3']
s : 5.0
sp : 0.02
a : 1.0
sensitive_groups : ['A1']
sensitive_labels : ['L1']
time_limit : 3600
lambda_bound : 9
n_folds : 5
nb_samples : 642
nb_features : 7
nb_labels : 3
optimality_gap : [0.2621988079874556, 0.18254182109287584, 0.37398641000812416, 0.2646475171796449, 0.3862624201755797]
execution_time : [3600.007313966751, 3600.0017359256744, 3600.001695871353, 3600.0014967918396, 3600.0020360946655]
objective_function : [0.18648473034437946, 0.17076023391812864, 0.19001297016861218, 0.19195849546044097, 0.22879377431906614]
sparsity : [10, 9, 10, 10, 9]
accuracy_train : [0.8148148148148148, 0.8304093567251462, 0.811284046692607, 0.8093385214007782, 0.7723735408560312]
balanced_accuracy_train : [0.8123150390099543, 0.8323069843104518, 0.8034684953289605, 0.8083204097936934, 0.774390243902439]
accuracy_test : [0.8062015503875969, 0.8682170542635659, 0.7421875, 0.84375, 0.78125]
balanced_accuracy_test : [0.798790627362056, 0.8604396164830681, 0.7612293144208038, 0.8436285936285937, 0.7681884511152804]
overall_misclassification_rate_train : [0.06385146437152155, 0.016557197591680367, 0.020534970068955077, 0.13248115968399826, 0.18867838807868792]
statistical_parity_train : [0.01798911225327693, 0.014778325123152747, 0.017716147609305122, 0.01451121321020793, 0.015068223464025532]
predictive_equality_train : [0.07284949924543832, 0.11829012830583922, 0.14705882352941177, 0.2163133548537389, 0.2597209553731293]
equal_opportunity_train : [0.2680311890838206, 0.22018348623853212, 0.1375375375375375, 0.026580459770114917, 0.056374355195283665]
max_equalized_odds_train : [0.2680311890838206, 0.22018348623853212, 0.14705882352941177, 0.2163133548537389, 0.2597209553731293]
mean_equalized_odds_train : [0.13676864913403136, 0.15006973311915475, 0.14416909470697523, 0.15577601089709622, 0.19483993897397234]
overall_misclassification_rate_test : [0.05007221954742416, 0.10125361620057859, 0.046875, 0.1324535679374389, 0.1196078431372549]
statistical_parity_test : [0.08883004333172842, 0.30496624879459977, 0.0, 0.05376344086021506, 0.05980392156862746]
predictive_equality_test : [0.07599067599067598, 0.09467787114845938, 0.1875, 0.17976939203354297, 0.17575757575757575]
equal_opportunity_test : [0.2142857142857142, 0.12121212121212122, 0.012096774193548376, 0.038461538461538436, 0.01666666666666672]
max_equalized_odds_test : [0.2142857142857142, 0.12121212121212122, 0.1875, 0.17976939203354297, 0.17575757575757575]
mean_equalized_odds_test : [0.11351258560560883, 0.10352262116967999, 0.12309412802419355, 0.13671465539832284, 0.1272845643939394]
end
