dataset : data/synthetic.csv
labels_name : ['L1', 'L2', 'L3']
s : 5.0
sp : 0.03
a : 1.0
sensitive_groups : ['A1']
sensitive_labels : ['L1']
time_limit : 3600
lambda_bound : 9
n_folds : 5
nb_samples : 642
nb_features : 7
nb_labels : 3
optimality_gap : [0.15286946163519155, 0.17188177931976045, 0.19249257351158405, 0.3406434797968893, 0.2681387069043355]
execution_time : [3600.0100059509277, 3600.008348941803, 3600.0016651153564, 3600.0080370903015, 3600.011724948883]
objective_function : [0.1728395061728395, 0.15555555555555553, 0.17457846952010375, 0.1959792477302205, 0.2019455252918288]
sparsity : [10, 12, 11, 11, 12]
accuracy_train : [0.8284600389863548, 0.8460038986354775, 0.8268482490272373, 0.8054474708171206, 0.7996108949416343]
balanced_accuracy_train : [0.8262039278988431, 0.8496370587983475, 0.8205625124229776, 0.801929132008083, 0.7975794530672579]
accuracy_test : [0.8062015503875969, 0.7751937984496124, 0.75, 0.890625, 0.8359375]
balanced_accuracy_test : [0.815117157974301, 0.7561964504283966, 0.7683215130023641, 0.8890831390831391, 0.8221805294976027]
overall_misclassification_rate_train : [0.04867552690003345, 0.09003831417624521, 0.07482003485640676, 0.015875904107719607, 0.022337316190389672]
statistical_parity_train : [0.026261366746753445, 0.02558839627805143, 0.023808441312419493, 0.029280201367723524, 0.026607908167128547]
predictive_equality_train : [0.13547811771162024, 0.16290259230164963, 0.17647058823529413, 0.1407035175879397, 0.13526570048309178]
equal_opportunity_train : [0.16666666666666663, 0.11926605504587151, 0.06546546546546539, 0.08620689655172409, 0.17722918201915994]
max_equalized_odds_train : [0.16666666666666663, 0.16290259230164963, 0.17647058823529413, 0.1407035175879397, 0.17722918201915994]
mean_equalized_odds_train : [0.14569191152146, 0.14929275612051027, 0.14278031751137724, 0.12331549064253239, 0.14865482688759601]
overall_misclassification_rate_test : [0.04309099662975446, 0.013500482160077154, 0.0625, 0.07282502443792767, 0.05980392156862746]
statistical_parity_test : [0.11266249398170436, 0.1608003857280617, 0.015625, 0.1133919843597263, 0.023529411764705882]
predictive_equality_test : [0.09743589743589745, 0.0711484593837535, 0.1875, 0.11320754716981132, 0.044444444444444446]
equal_opportunity_test : [0.1785714285714286, 0.1515151515151515, 0.020161290322580627, 0.038461538461538436, 0.16666666666666663]
max_equalized_odds_test : [0.1785714285714286, 0.1515151515151515, 0.1875, 0.11320754716981132, 0.16666666666666663]
mean_equalized_odds_test : [0.11944941363546017, 0.09793735676088616, 0.12605531754032256, 0.09043337264150944, 0.08168402777777777]
end
