dataset : data/synthetic.csv
labels_name : ['L1', 'L2', 'L3']
s : 5.0
sp : 0.04
a : 1.0
sensitive_groups : ['A1']
sensitive_labels : ['L1']
time_limit : 3600
lambda_bound : 9
n_folds : 5
nb_samples : 642
nb_features : 7
nb_labels : 3
optimality_gap : [0.05973230955298265, 0.0, 0.0867536996692779, 0.25302717604558267, 0.3258836227505042]
execution_time : [3600.0061399936676, 2682.2441680431366, 3600.005868911743, 3600.002562046051, 3600.0085170269012]
objective_function : [0.15919428200129954, 0.14736842105263157, 0.1667963683527886, 0.16887159533073928, 0.20583657587548637]
sparsity : [10, 9, 11, 12, 12]
accuracy_train : [0.8421052631578947, 0.8538011695906432, 0.8346303501945526, 0.8326848249027238, 0.7957198443579766]
balanced_accuracy_train : [0.840092816787732, 0.8539899452043066, 0.8310971973762671, 0.8314417970769302, 0.7968403547671841]
accuracy_test : [0.8294573643410853, 0.7906976744186046, 0.8046875, 0.8828125, 0.828125]
balanced_accuracy_test : [0.8382464096749812, 0.7778202774377805, 0.8176516942474389, 0.8815073815073816, 0.8169689389201583]
overall_misclassification_rate_train : [0.05979136887564247, 0.031061850027367263, 0.12436159733272713, 0.10727986777661526, 0.1023276240667545]
statistical_parity_train : [0.038046288129923056, 0.0394088669950739, 0.033189361218458724, 0.039712505117590835, 0.03938939621098542]
predictive_equality_train : [0.13883934696117436, 0.07832547787378896, 0.20098039215686275, 0.19095477386934673, 0.1920881051315834]
equal_opportunity_train : [0.14035087719298245, 0.24770642201834858, 0.033033033033032955, 0.026580459770114917, 0.05121591746499632]
max_equalized_odds_train : [0.14035087719298245, 0.24770642201834858, 0.20098039215686275, 0.19095477386934673, 0.1920881051315834]
mean_equalized_odds_train : [0.1393343510136963, 0.13115384251926565, 0.15000804191694553, 0.13850849466258794, 0.14714055887220542]
overall_misclassification_rate_test : [0.08786711603273954, 0.06171648987463839, 0.125, 0.0879765395894428, 0.0431372549019608]
statistical_parity_test : [0.09773712084737601, 0.11837029893924783, 0.078125, 0.09824046920821117, 0.022549019607843113]
predictive_equality_test : [0.14871794871794874, 0.05154061624649861, 0.1875, 0.1320754716981132, 0.04242424242424242]
equal_opportunity_test : [0.1428571428571429, 0.2727272727272727, 0.08870967741935487, 0.038461538461538436, 0.20000000000000007]
max_equalized_odds_test : [0.14871794871794874, 0.2727272727272727, 0.1875, 0.1320754716981132, 0.20000000000000007]
mean_equalized_odds_test : [0.1471278075929239, 0.12526950174009, 0.15122542842741937, 0.10355247641509432, 0.09043560606060608]
end
