dataset : data/synthetic.csv
labels_name : ['L1', 'L2', 'L3']
s : 5.0
sp : 0.05
a : 1.0
sensitive_groups : ['A1']
sensitive_labels : ['L1']
time_limit : 3600
lambda_bound : 9
n_folds : 5
nb_samples : 642
nb_features : 7
nb_labels : 3
optimality_gap : [0.17821542114227376, 0.0, 0.1690006618888565, 0.08444490428357823, 0.3240718319394054]
execution_time : [3600.005136013031, 2041.5220198631287, 3600.001554965973, 3600.012631893158, 3600.0064420700073]
objective_function : [0.1552956465237167, 0.14359974009096815, 0.14941634241245136, 0.16666666666666666, 0.18988326848249026]
sparsity : [10, 10, 12, 10, 9]
accuracy_train : [0.8460038986354775, 0.8576998050682261, 0.8521400778210116, 0.8346303501945526, 0.811284046692607]
balanced_accuracy_train : [0.844061070755986, 0.8614736509771185, 0.8483402902007553, 0.8322054607829316, 0.8100517368810052]
accuracy_test : [0.8604651162790697, 0.8217054263565892, 0.8046875, 0.875, 0.84375]
balanced_accuracy_test : [0.8600151171579743, 0.8047480620155039, 0.817966903073286, 0.871989121989122, 0.8307275380446112]
overall_misclassification_rate_train : [0.0885921961010918, 0.09359605911330049, 0.10050769114192619, 0.01749836995253909, 0.016219163145699877]
statistical_parity_train : [0.049025272953985566, 0.0450191570881226, 0.04949609759793888, 0.04709699919634869, 0.04935411082337615]
predictive_equality_train : [0.03731650432158046, 0.15295234354543075, 0.17647058823529413, 0.1306532663316583, 0.14492753623188406]
equal_opportunity_train : [0.29824561403508776, 0.09174311926605505, 0.04204204204204198, 0.12140804597701149, 0.10943257184966837]
max_equalized_odds_train : [0.29824561403508776, 0.15295234354543075, 0.17647058823529413, 0.1306532663316583, 0.14492753623188406]
mean_equalized_odds_train : [0.12276697299968811, 0.1338617472789588, 0.13567126293150555, 0.127703429486985, 0.13360229467802534]
overall_misclassification_rate_test : [0.038757823784304285, 0.12150433944069432, 0.109375, 0.04056695992179864, 0.04509803921568628]
statistical_parity_test : [0.1646605681271064, 0.17044358727097392, 0.0625, 0.08113391984359725, 0.00882352941176473]
predictive_equality_test : [0.03962703962703963, 0.12997198879551822, 0.1875, 0.11320754716981132, 0.044444444444444446]
equal_opportunity_test : [0.2142857142857143, 0.030303030303030276, 0.056451612903225756, 0.038461538461538436, 0.125]
max_equalized_odds_test : [0.2142857142857143, 0.12997198879551822, 0.1875, 0.11320754716981132, 0.125]
mean_equalized_odds_test : [0.0870150521313312, 0.09674900263135558, 0.1393806703629032, 0.09043337264150944, 0.06898871527777778]
end
