dataset : data/synthetic.csv
labels_name : ['L1', 'L2', 'L3']
s : 5.0
sp : 0.06
a : 1.0
sensitive_groups : ['A1']
sensitive_labels : ['L1']
time_limit : 3600
lambda_bound : 9
n_folds : 5
nb_samples : 642
nb_features : 7
nb_labels : 3
optimality_gap : [0.0, 0.06754550552178615, 0.03418314780552297, 0.0, 0.2063605120065536]
execution_time : [2177.7944169044495, 3600.0071210861206, 3600.0042860507965, 3237.239331960678, 3600.0083310604095]
objective_function : [0.149317738791423, 0.13944119558154644, 0.14539559014267184, 0.1609597924773022, 0.1880674448767834]
sparsity : [9, 8, 11, 11, 10]
accuracy_train : [0.8518518518518519, 0.8615984405458089, 0.8560311284046692, 0.8404669260700389, 0.8132295719844358]
balanced_accuracy_train : [0.850013451708367, 0.8632078222992786, 0.8508248857086066, 0.8384087598101414, 0.8104212860310421]
accuracy_test : [0.8449612403100775, 0.8062015503875969, 0.8203125, 0.8828125, 0.8359375]
balanced_accuracy_test : [0.8491307634164778, 0.7933241534067728, 0.8334121355397951, 0.8795648795648795, 0.8217636022514071]
overall_misclassification_rate_train : [0.016468477236093793, 0.011494252873563218, 0.037948018489050536, 0.0365282263567302, 0.07335726076355761]
statistical_parity_train : [0.058468416410693114, 0.0581554460864806, 0.059225581571569264, 0.05802968960863697, 0.05463934699317011]
predictive_equality_train : [0.09823020990533682, 0.09325085100811731, 0.1323529411764706, 0.135678391959799, 0.08695652173913043]
equal_opportunity_train : [0.16666666666666663, 0.17431192660550454, 0.10510510510510507, 0.08692528735632177, 0.2026529108327193]
max_equalized_odds_train : [0.16666666666666663, 0.17431192660550454, 0.1323529411764706, 0.135678391959799, 0.2026529108327193]
mean_equalized_odds_train : [0.12064214896167874, 0.11853305782211723, 0.12408316991745692, 0.12012292667775569, 0.12387132292852455]
overall_misclassification_rate_test : [0.02455464612421762, 0.11427193828351012, 0.015625, 0.025415444770283485, 0.09117647058823528]
statistical_parity_test : [0.13119884448724123, 0.22974927675988427, 0.09375, 0.09628543499511238, 0.02156862745098037]
predictive_equality_test : [0.09417249417249417, 0.04649859943977591, 0.10416666666666667, 0.09433962264150944, 0.022222222222222223]
equal_opportunity_test : [0.1785714285714286, 0.21212121212121215, 0.008064516129032251, 0.038461538461538436, 0.20833333333333331]
max_equalized_odds_test : [0.1785714285714286, 0.21212121212121215, 0.10416666666666667, 0.09433962264150944, 0.20833333333333331]
mean_equalized_odds_test : [0.11707142986212755, 0.10170613700025466, 0.06887915826612903, 0.07731426886792453, 0.07892795138888889]
end
