dataset : data/synthetic.csv
labels_name : ['L1', 'L2', 'L3']
s : 5.0
sp : 0.07
a : 1.0
sensitive_groups : ['A1']
sensitive_labels : ['L1']
time_limit : 3600
lambda_bound : 9
n_folds : 5
nb_samples : 642
nb_features : 7
nb_labels : 3
optimality_gap : [0.03585619022608621, 0.0, 0.01684724367372372, 0.06839734668420487, 0.17432122315822013]
execution_time : [3600.002430200577, 1439.6201119422913, 3600.0053730010986, 3600.0041110515594, 3600.0017681121826]
objective_function : [0.14554905782975958, 0.13177387914230018, 0.14332036316472113, 0.15706874189364461, 0.18417639429312582]
sparsity : [10, 9, 10, 11, 10]
accuracy_train : [0.8557504873294347, 0.8693957115009746, 0.857976653696498, 0.8443579766536965, 0.8171206225680934]
balanced_accuracy_train : [0.8539817056766209, 0.8717622915730217, 0.8507751937984497, 0.8425795385121481, 0.817638113685212]
accuracy_test : [0.8372093023255814, 0.875968992248062, 0.8125, 0.890625, 0.859375]
balanced_accuracy_test : [0.8423280423280423, 0.8681915544675642, 0.826950354609929, 0.8890831390831391, 0.8518605378361476]
overall_misclassification_rate_train : [0.014902223168395123, 0.03858784893267651, 0.043964537394862474, 0.0518127644088614, 0.0043614556358184675]
statistical_parity_train : [0.06693835345640342, 0.069376026272578, 0.06566643934227476, 0.06521706166886532, 0.06717853194614815]
predictive_equality_train : [0.07284949924543832, 0.1032010997643362, 0.0784313725490196, 0.1407035175879397, 0.10830715178541267]
equal_opportunity_train : [0.19298245614035092, 0.12844036697247707, 0.19519519519519513, 0.06106321839080453, 0.19380987472365518]
max_equalized_odds_train : [0.19298245614035092, 0.12844036697247707, 0.19519519519519513, 0.1407035175879397, 0.19380987472365518]
mean_equalized_odds_train : [0.11219128629874302, 0.1110729959696043, 0.11386941988910401, 0.11529299410869812, 0.13558817622485192]
overall_misclassification_rate_test : [0.04068367838228215, 0.055448408871745423, 0.0625, 0.07282502443792767, 0.01568627450980392]
statistical_parity_test : [0.11506981222917673, 0.288572806171649, 0.078125, 0.1133919843597263, 0.012745098039215697]
predictive_equality_test : [0.11235431235431236, 0.04649859943977591, 0.0625, 0.11320754716981132, 0.043434343434343436]
equal_opportunity_test : [0.1785714285714286, 0.09090909090909094, 0.10483870967741937, 0.038461538461538436, 0.09166666666666667]
max_equalized_odds_test : [0.1785714285714286, 0.09090909090909094, 0.10483870967741937, 0.11320754716981132, 0.09166666666666667]
mean_equalized_odds_test : [0.13032019659926636, 0.06130209659621425, 0.07804624495967744, 0.09043337264150944, 0.05813012941919192]
end
