dataset : data/synthetic.csv
labels_name : ['L1', 'L2', 'L3']
s : 5.0
sp : 0.08
a : 1.0
sensitive_groups : ['A1']
sensitive_labels : ['L1']
time_limit : 3600
lambda_bound : 9
n_folds : 5
nb_samples : 642
nb_features : 7
nb_labels : 3
optimality_gap : [0.0, 0.0, 0.048424632976009546, 0.1522827360146351, 0.09255925164606106]
execution_time : [1851.3651309013367, 313.6731560230255, 3600.0045869350433, 3600.001692056656, 3600.0077419281006]
objective_function : [0.13957115009746587, 0.1259259259259259, 0.13800259403372245, 0.15162127107652398, 0.1762645914396887]
sparsity : [9, 9, 14, 14, 9]
accuracy_train : [0.8615984405458089, 0.8752436647173489, 0.8638132295719845, 0.8501945525291829, 0.8249027237354085]
balanced_accuracy_train : [0.8599340866290018, 0.8797813790962992, 0.856986682568078, 0.8491000516941586, 0.8228935698447893]
accuracy_test : [0.875968992248062, 0.8372093023255814, 0.8203125, 0.875, 0.84375]
balanced_accuracy_test : [0.8845049130763417, 0.8222919216646267, 0.8343577620173365, 0.8729603729603729, 0.8303106107984157]
overall_misclassification_rate_train : [0.027751589063592957, 0.11247947454844007, 0.04043343184056983, 0.09422432485708652, 0.03480078142746809]
statistical_parity_train : [0.07771965572823214, 0.07977558839627802, 0.07722967341062362, 0.07523995814947915, 0.07738554964941771]
predictive_equality_train : [0.09315406777335711, 0.14300209478921183, 0.07352941176470588, 0.16080402010050251, 0.0966183574879227]
equal_opportunity_train : [0.13157894736842102, 0.02752293577981646, 0.17717717717717718, 0.0007183908045976795, 0.13485630066322774]
max_equalized_odds_train : [0.13157894736842102, 0.14300209478921183, 0.17717717717717718, 0.16080402010050251, 0.13485630066322774]
mean_equalized_odds_train : [0.105737654073495, 0.10698520309037507, 0.10498671021673998, 0.10972611503332666, 0.10881879071895388]
overall_misclassification_rate_test : [0.05320173326913818, 0.08871745419479267, 0.015625, 0.07184750733137829, 0.07647058823529412]
statistical_parity_test : [0.1921039961482908, 0.20323047251687554, 0.15625, 0.08211143695014667, 0.006862745098039191]
predictive_equality_test : [0.07599067599067598, 0.09075630252100841, 0.041666666666666664, 0.1320754716981132, 0.022222222222222223]
equal_opportunity_test : [0.0714285714285714, 0.030303030303030276, 0.08467741935483875, 0.0, 0.16666666666666663]
max_equalized_odds_test : [0.07599067599067598, 0.09075630252100841, 0.08467741935483875, 0.1320754716981132, 0.16666666666666663]
mean_equalized_odds_test : [0.07475289568312822, 0.07060521178168236, 0.05745967741935485, 0.09183372641509434, 0.06623263888888888]
end
