dataset : data/synthetic.csv
labels_name : ['L1', 'L2', 'L3']
s : 5.0
sp : 0.09
a : 1.0
sensitive_groups : ['A1']
sensitive_labels : ['L1']
time_limit : 3600
lambda_bound : 9
n_folds : 5
nb_samples : 642
nb_features : 7
nb_labels : 3
optimality_gap : [0.0, 0.0, 0.0, 0.1405256532516087, 0.0]
execution_time : [998.3921179771423, 562.1003720760345, 732.3928921222687, 3600.0029530525208, 2942.886960029602]
objective_function : [0.1337231968810916, 0.12202729044834307, 0.13190661478599222, 0.1490272373540856, 0.162905317769131]
sparsity : [9, 9, 12, 9, 11]
accuracy_train : [0.8674463937621832, 0.8791423001949318, 0.8696498054474708, 0.8521400778210116, 0.8385214007782101]
balanced_accuracy_train : [0.8658864675813828, 0.8806310066568206, 0.8631981713377063, 0.8495465012453592, 0.8385070214338507]
accuracy_test : [0.8449612403100775, 0.7984496124031008, 0.8359375, 0.890625, 0.890625]
balanced_accuracy_test : [0.8572940287226002, 0.783532231742146, 0.8488573680063042, 0.8871406371406372, 0.8820095893266625]
overall_misclassification_rate_train : [0.07820625893373072, 0.0031472359058565963, 0.03690232628627718, 0.018938877011023675, 0.05429103630003179]
statistical_parity_train : [0.08833368814817066, 0.08949096880131363, 0.08879290747897248, 0.08353424615991145, 0.08742598397770812]
predictive_equality_train : [0.11853477843325558, 0.06837522911757005, 0.06862745098039216, 0.08542713567839195, 0.14492753623188406]
equal_opportunity_train : [0.06140350877192979, 0.14678899082568808, 0.15915915915915912, 0.12140804597701149, 0.05121591746499632]
max_equalized_odds_train : [0.11853477843325558, 0.14678899082568808, 0.15915915915915912, 0.12140804597701149, 0.14492753623188406]
mean_equalized_odds_train : [0.09982512287165182, 0.09283176298364974, 0.09610400054437591, 0.0969074261238659, 0.1150273310222156]
overall_misclassification_rate_test : [0.11771786230139625, 0.015188042430086784, 0.015625, 0.010263929618768333, 0.050980392156862744]
statistical_parity_test : [0.1275878671160327, 0.1297010607521697, 0.1875, 0.11143695014662755, 0.01470588235294118]
predictive_equality_test : [0.14871794871794874, 0.09075630252100841, 0.020833333333333332, 0.07547169811320754, 0.044444444444444446]
equal_opportunity_test : [0.0714285714285714, 0.18181818181818177, 0.11693548387096775, 0.038461538461538436, 0.20000000000000007]
max_equalized_odds_test : [0.14871794871794874, 0.18181818181818177, 0.11693548387096775, 0.07547169811320754, 0.20000000000000007]
mean_equalized_odds_test : [0.12774796263168356, 0.12111026228673287, 0.05612084173387097, 0.06419516509433962, 0.0918402777777778]
end
