dataset : data/synthetic.csv
labels_name : ['L1', 'L2', 'L3']
s : 5.0
sp : 0.1
a : 1.0
sensitive_groups : ['A1']
sensitive_labels : ['L1']
time_limit : 3600
lambda_bound : 9
n_folds : 5
nb_samples : 642
nb_features : 7
nb_labels : 3
optimality_gap : [0.0, 0.0, 0.029639278856247557, 0.0, 0.055678468413267096]
execution_time : [325.81636595726013, 161.7231249809265, 3600.0016660690308, 720.2599830627441, 3600.0091660022736]
objective_function : [0.12982456140350876, 0.11799870045484079, 0.12801556420233462, 0.14345006485084305, 0.16083009079118027]
sparsity : [9, 8, 12, 11, 10]
accuracy_train : [0.8713450292397661, 0.8830409356725146, 0.8735408560311284, 0.857976653696498, 0.8404669260700389]
balanced_accuracy_train : [0.8698547215496367, 0.8865667608467648, 0.8680679785330948, 0.8550096339113681, 0.8388765705838876]
accuracy_test : [0.8527131782945736, 0.8449612403100775, 0.8359375, 0.90625, 0.8828125]
balanced_accuracy_test : [0.8668178382464097, 0.8320838433292534, 0.8485421591804571, 0.9013209013209013, 0.8730456535334584]
overall_misclassification_rate_train : [0.10144156199628966, 0.07320744389709907, 0.005986208986890965, 0.05446633004291196, 0.035285387609225685]
statistical_parity_train : [0.09563273623064988, 0.0960591133004926, 0.09561263923619004, 0.09658978907944016, 0.09271122014750202]
predictive_equality_train : [0.12868706269721497, 0.10817622414244565, 0.08333333333333333, 0.05527638190954774, 0.08695652173913043]
equal_opportunity_train : [0.02631578947368418, 0.05504587155963303, 0.1141141141141141, 0.14727011494252873, 0.14443625644804714]
max_equalized_odds_train : [0.12868706269721497, 0.10817622414244565, 0.1141141141141141, 0.14727011494252873, 0.14443625644804714]
mean_equalized_odds_train : [0.09516196737254992, 0.09160535394117855, 0.0926753601850878, 0.08462846793563507, 0.10529635927271476]
overall_misclassification_rate_test : [0.13264323543572462, 0.041224686595949855, 0.015625, 0.05131964809384164, 0.09705882352941177]
statistical_parity_test : [0.14251324025036105, 0.2213114754098361, 0.1875, 0.1407624633431085, 0.027450980392156876]
predictive_equality_test : [0.14871794871794874, 0.05154061624649861, 0.041666666666666664, 0.018867924528301886, 0.022222222222222223]
equal_opportunity_test : [0.0357142857142857, 0.06060606060606055, 0.14919354838709675, 0.07692307692307687, 0.2833333333333333]
max_equalized_odds_test : [0.14871794871794874, 0.06060606060606055, 0.14919354838709675, 0.07692307692307687, 0.2833333333333333]
mean_equalized_odds_test : [0.11805804015106341, 0.05456243103301926, 0.0811491935483871, 0.03655660377358489, 0.10177951388888888]
end
