dataset : data/synthetic.csv
labels_name : ['L1', 'L2', 'L3']
s : 3.0
sp : 0.04
a : 1.0
sensitive_groups : ['A1']
sensitive_labels : ['L1']
time_limit : 3600
lambda_bound : 9
n_folds : 5
nb_samples : 642
nb_features : 7
nb_labels : 3
optimality_gap : [0.35069381854581255, 0.4000737672511707, 0.3676265224266221, 0.4122200578777636, 0.5239507403293566]
execution_time : [3600.001311779022, 3600.001652956009, 3600.005527973175, 3600.0014939308167, 3600.0014610290527]
objective_function : [0.16764132553606237, 0.1617933723196881, 0.17509727626459143, 0.19844357976653695, 0.2237354085603113]
sparsity : [9, 9, 9, 9, 9]
accuracy_train : [0.834307992202729, 0.8401559454191033, 0.8326848249027238, 0.8171206225680934, 0.7782101167315175]
balanced_accuracy_train : [0.832156308851224, 0.8442716025599863, 0.8229974160206718, 0.8152873725269044, 0.7788248337028825]
accuracy_test : [0.8217054263565892, 0.7984496124031008, 0.7578125, 0.84375, 0.828125]
balanced_accuracy_test : [0.8396069538926683, 0.7814922480620154, 0.7773049645390072, 0.8416860916860918, 0.8161350844277674]
overall_misclassification_rate_train : [0.06792676621757245, 0.09031198686371099, 0.06965219368038189, 0.06172951826411319, 0.11454878621295413]
statistical_parity_train : [0.03754447857425264, 0.03297755883962783, 0.03997878305675531, 0.03282839770125401, 0.020232308088380058]
predictive_equality_train : [0.14055425984359995, 0.15311599895260541, 0.0784313725490196, 0.16103697294419117, 0.21357386574777878]
equal_opportunity_train : [0.13157894736842102, 0.11009174311926606, 0.21861861861861853, 0.08692528735632177, 0.01989683124539432]
max_equalized_odds_train : [0.14055425984359995, 0.15311599895260541, 0.21861861861861853, 0.16103697294419117, 0.21357386574777878]
mean_equalized_odds_train : [0.13761497622599747, 0.13969712773752882, 0.1209784744689757, 0.13739044291226396, 0.15177808042016971]
overall_misclassification_rate_test : [0.13505055368319693, 0.046287367405978774, 0.109375, 0.06989247311827956, 0.0823529411764706]
statistical_parity_test : [0.1401059220028888, 0.15742526518804245, 0.03125, 0.051808406647116334, 0.08137254901960783]
predictive_equality_test : [0.1337995337995338, 0.08179271708683473, 0.0625, 0.1420335429769392, 0.17777777777777778]
equal_opportunity_test : [0.0357142857142857, 0.12121212121212122, 0.1411290322580645, 0.038461538461538436, 0.06666666666666665]
max_equalized_odds_test : [0.1337995337995338, 0.12121212121212122, 0.1411290322580645, 0.1420335429769392, 0.17777777777777778]
mean_equalized_odds_test : [0.10718725718725718, 0.09493251846193022, 0.09137159778225806, 0.11047644785115304, 0.14392361111111113]
end
