dataset : data/synthetic.csv
labels_name : ['L1', 'L2', 'L3']
s : 5.0
sp : 0.12
a : 1.0
sensitive_groups : ['A1']
sensitive_labels : ['L1']
time_limit : 3600
lambda_bound : 9
n_folds : 5
nb_samples : 642
nb_features : 7
nb_labels : 3
optimality_gap : [0.0, 0.0, 0.0, 0.0, 0.0]
execution_time : [255.35177397727966, 90.15986919403076, 65.14670896530151, 1162.5023419857025, 2238.0261900424957]
objective_function : [0.11994801819363221, 0.10812215724496425, 0.12010376134889754, 0.1337224383916991, 0.1490272373540856]
sparsity : [8, 7, 11, 11, 9]
accuracy_train : [0.8810916179337231, 0.8927875243664717, 0.8813229571984436, 0.867704280155642, 0.8521400778210116]
balanced_accuracy_train : [0.8797753564702718, 0.8941086602881055, 0.8766149870801033, 0.8657009257953852, 0.85491638419519]
accuracy_test : [0.8604651162790697, 0.8372093023255814, 0.8671875, 0.8984375, 0.90625]
balanced_accuracy_test : [0.8627362055933485, 0.8243319053447573, 0.8769109535066981, 0.8947163947163946, 0.90397644361059]
overall_misclassification_rate_train : [0.058894194215504396, 0.009031198686371103, 0.009108130635750555, 0.0032297684574443958, 0.0966789332606424]
statistical_parity_train : [0.1185639122897722, 0.11699507389162561, 0.11070697885883155, 0.11380005762028234, 0.11997031787136736]
predictive_equality_train : [0.011935793661681987, 0.04349960722702278, 0.08333333333333333, 0.08040201005025126, 0.13246174115739334]
equal_opportunity_train : [0.1842105263157895, 0.12844036697247707, 0.07807807807807798, 0.06106321839080453, 0.05932203389830504]
max_equalized_odds_train : [0.1842105263157895, 0.12844036697247707, 0.08333333333333333, 0.08040201005025126, 0.13246174115739334]
mean_equalized_odds_train : [0.06835324996945988, 0.0699918519819403, 0.08173835313913133, 0.074231656291206, 0.10912533650663366]
overall_misclassification_rate_test : [0.00770341839191141, 0.026518804243008676, 0.015625, 0.004887585532746819, 0.0411764705882353]
statistical_parity_test : [0.16345690900337026, 0.2066055930568949, 0.1875, 0.1265884652981427, 0.0029411764705882804]
predictive_equality_test : [0.057808857808857805, 0.05154061624649861, 0.041666666666666664, 0.05660377358490566, 0.08787878787878788]
equal_opportunity_test : [0.1785714285714286, 0.09090909090909094, 0.08870967741935487, 0.038461538461538436, 0.08333333333333337]
max_equalized_odds_test : [0.1785714285714286, 0.09090909090909094, 0.08870967741935487, 0.05660377358490566, 0.08787878787878788]
mean_equalized_odds_test : [0.09057389638784988, 0.06466344113402939, 0.058940272177419366, 0.05107606132075471, 0.0864938446969697]
end
