dataset : data/synthetic.csv
labels_name : ['L1', 'L2', 'L3']
s : 3.0
sp : 0.05
a : 1.0
sensitive_groups : ['A1']
sensitive_labels : ['L1']
time_limit : 3600
lambda_bound : 9
n_folds : 5
nb_samples : 642
nb_features : 7
nb_labels : 3
optimality_gap : [0.43082163166569193, 0.05037898266333314, 0.33629440757241646, 0.45077802366127157, 0.5089791659563552]
execution_time : [3600.0015370845795, 3600.008725166321, 3600.00306391716, 3600.0050270557404, 3600.0112302303314]
objective_function : [0.1695906432748538, 0.14814814814814814, 0.1651534803285776, 0.1843925637699957, 0.20990056204063984]
sparsity : [9, 9, 8, 7, 8]
accuracy_train : [0.8323586744639376, 0.8538011695906432, 0.8365758754863813, 0.8171206225680934, 0.791828793774319]
balanced_accuracy_train : [0.8301721818670971, 0.8539899452043066, 0.8256807791691513, 0.8167366409629611, 0.795269770879527]
accuracy_test : [0.8217054263565892, 0.7906976744186046, 0.7421875, 0.859375, 0.796875]
balanced_accuracy_test : [0.8396069538926683, 0.7778202774377805, 0.7634357762017338, 0.860890960890961, 0.7861163227016886]
overall_misclassification_rate_train : [0.08751254523889178, 0.031061850027367263, 0.12442221717056909, 0.014966110176045128, 0.2189662744385383]
statistical_parity_train : [0.04085946291171194, 0.0394088669950739, 0.049465787679017964, 0.0453835539583618, 0.045356109823875945]
predictive_equality_train : [0.14902592948278226, 0.07832547787378896, 0.0392156862745098, 0.10645944956570934, 0.2597209553731293]
equal_opportunity_train : [0.10526315789473684, 0.24770642201834858, 0.2726726726726726, 0.2068965517241379, 0.0843773028739867]
max_equalized_odds_train : [0.14902592948278226, 0.24770642201834858, 0.2726726726726726, 0.2068965517241379, 0.2597209553731293]
mean_equalized_odds_train : [0.13469426159429954, 0.13115384251926565, 0.1100703358428238, 0.13850552885361261, 0.20377473161853904]
overall_misclassification_rate_test : [0.07294174289841118, 0.06171648987463839, 0.109375, 0.07086999022482894, 0.11568627450980393]
statistical_parity_test : [0.2022147327876745, 0.11837029893924783, 0.0625, 0.05474095796676437, 0.06372549019607843]
predictive_equality_test : [0.046153846153846156, 0.05154061624649861, 0.041666666666666664, 0.13312368972746333, 0.17575757575757575]
equal_opportunity_test : [0.0357142857142857, 0.2727272727272727, 0.04838709677419356, 0.11538461538461542, 0.033333333333333326]
max_equalized_odds_test : [0.046153846153846156, 0.2727272727272727, 0.04838709677419356, 0.13312368972746333, 0.17575757575757575]
mean_equalized_odds_test : [0.043321407274895654, 0.12526950174009, 0.0441343245967742, 0.12771881551362685, 0.1323626893939394]
end
