dataset : data/synthetic.csv
labels_name : ['L1', 'L2', 'L3']
s : 10.0
sp : 0.01
a : 1.0
sensitive_groups : ['A1']
sensitive_labels : ['L1']
time_limit : 3600
lambda_bound : 9
n_folds : 5
nb_samples : 642
nb_features : 7
nb_labels : 3
optimality_gap : [0.19088890017164709, 0.2739685843470845, 0.2784311481908134, 0.33997333104706173, 0.38158814032912786]
execution_time : [3600.001573085785, 3600.007185935974, 3600.0018911361694, 3600.001554965973, 3600.00723195076]
objective_function : [0.18583495776478232, 0.16452241715399607, 0.18955901426718547, 0.20687418936446172, 0.22632944228248453]
sparsity : [10, 12, 13, 10, 10]
accuracy_train : [0.8148148148148148, 0.8362573099415205, 0.8171206225680934, 0.7937743190661478, 0.77431906614786]
balanced_accuracy_train : [0.8123150390099543, 0.8381147124296325, 0.8094812164579607, 0.7935095156281239, 0.7738927330495876]
accuracy_test : [0.813953488372093, 0.7829457364341085, 0.734375, 0.8203125, 0.8046875]
balanced_accuracy_test : [0.8219198790627362, 0.7659883720930232, 0.7541371158392435, 0.822040922040922, 0.79369918699187]
overall_misclassification_rate_train : [0.017046318542623423, 0.03188286808976465, 0.04037281200272788, 0.11031251421553018, 0.0020898641588296685]
statistical_parity_train : [0.0003801587542957563, 0.007115489874110592, 0.005425475486853071, 0.004897723998847581, 0.005391243772053356]
predictive_equality_train : [0.11009740705172177, 0.13802697041110237, 0.16666666666666666, 0.19667875802855336, 0.1421235769061856]
equal_opportunity_train : [0.27192982456140347, 0.21100917431192656, 0.12852852852852847, 0.09770114942528729, 0.23028739867354453]
max_equalized_odds_train : [0.27192982456140347, 0.21100917431192656, 0.16666666666666666, 0.19667875802855336, 0.23028739867354453]
mean_equalized_odds_train : [0.16309515781512632, 0.16078945115989743, 0.1550916675430294, 0.16509835372712214, 0.17025366789810556]
overall_misclassification_rate_test : [0.026961964371689934, 0.033992285438765674, 0.03125, 0.0527859237536657, 0.0696078431372549]
statistical_parity_test : [0.12879152623976892, 0.17888138862102215, 0.015625, 0.10312805474095793, 0.03529411764705881]
predictive_equality_test : [0.07925407925407926, 0.031932773109243695, 0.1875, 0.06865828092243187, 0.13232323232323234]
equal_opportunity_test : [0.1785714285714286, 0.18181818181818177, 0.04435483870967738, 0.03846153846153855, 0.0]
max_equalized_odds_test : [0.1785714285714286, 0.18181818181818177, 0.1875, 0.06865828092243187, 0.13232323232323234]
mean_equalized_odds_test : [0.10620064689832133, 0.08189457601222305, 0.13493888608870966, 0.05945771095387844, 0.09200599747474748]
end
