dataset : data/synthetic.csv
labels_name : ['L1', 'L2', 'L3']
s : 10.0
sp : 0.02
a : 1.0
sensitive_groups : ['A1']
sensitive_labels : ['L1']
time_limit : 3600
lambda_bound : 9
n_folds : 5
nb_samples : 642
nb_features : 7
nb_labels : 3
optimality_gap : [0.3154734932435488, 0.1198350177111007, 0.18419027476016245, 0.191514331051964, 0.34830461172808164]
execution_time : [3600.008227109909, 3600.0020480155945, 3600.0022580623627, 3600.005896806717, 3600.0037229061127]
objective_function : [0.1761533463287849, 0.1585445094217024, 0.17976653696498054, 0.19130998702983137, 0.21653696498054475]
sparsity : [11, 10, 12, 10, 9]
accuracy_train : [0.8245614035087719, 0.8421052631578947, 0.8210116731517509, 0.8093385214007782, 0.7840466926070039]
balanced_accuracy_train : [0.8222356739305892, 0.8448069843104519, 0.8119658119658121, 0.8083204097936934, 0.7815964523281597]
accuracy_test : [0.8062015503875969, 0.813953488372093, 0.75, 0.84375, 0.8125]
balanced_accuracy_test : [0.8287226001511717, 0.7969961240310077, 0.7695823483057526, 0.8436285936285937, 0.796539503856577]
overall_misclassification_rate_train : [0.11124965785712113, 0.058976464148877944, 0.022186860650147744, 0.13248115968399826, 0.01406872321415048]
statistical_parity_train : [0.017122350293482524, 0.018336070060207987, 0.015154959460483453, 0.01451121321020793, 0.01906622446352585]
predictive_equality_train : [0.1811633968994375, 0.1479772191673213, 0.12254901960784313, 0.2163133548537389, 0.14492753623188406]
equal_opportunity_train : [0.10526315789473684, 0.1651376146788991, 0.19159159159159156, 0.026580459770114917, 0.1374355195283714]
max_equalized_odds_train : [0.1811633968994375, 0.1651376146788991, 0.19159159159159156, 0.2163133548537389, 0.14492753623188406]
mean_equalized_odds_train : [0.15630717827801505, 0.15332938930738454, 0.1435035745289808, 0.15577601089709622, 0.14253708732259207]
overall_misclassification_rate_test : [0.1983630235917188, 0.02483124397299903, 0.0625, 0.1324535679374389, 0.04117647058823529]
statistical_parity_test : [0.10664419836302358, 0.23770491803278687, 0.015625, 0.05376344086021506, 0.004901960784313708]
predictive_equality_test : [0.18834498834498833, 0.031932773109243695, 0.10416666666666667, 0.17976939203354297, 0.044444444444444446]
equal_opportunity_test : [0.0, 0.06060606060606055, 0.1088709677419355, 0.038461538461538436, 0.07500000000000001]
max_equalized_odds_test : [0.18834498834498833, 0.06060606060606055, 0.1088709677419355, 0.17976939203354297, 0.07500000000000001]
mean_equalized_odds_test : [0.13724363491805353, 0.04149053560818265, 0.10589402721774194, 0.13671465539832284, 0.053754340277777785]
end
