dataset : data/synthetic.csv
labels_name : ['L1', 'L2', 'L3']
s : 10.0
sp : 0.03
a : 1.0
sensitive_groups : ['A1']
sensitive_labels : ['L1']
time_limit : 3600
lambda_bound : 9
n_folds : 5
nb_samples : 642
nb_features : 7
nb_labels : 3
optimality_gap : [0.1905231302238033, 0.2078300993995627, 0.18344657711796117, 0.25855107231663144, 0.35459418764999645]
execution_time : [3600.00177693367, 3600.0016329288483, 3600.0023930072784, 3600.006136894226, 3600.0021698474884]
objective_function : [0.17218973359324236, 0.15464587394411955, 0.1738651102464332, 0.18955901426718547, 0.2147211413748379]
sparsity : [10, 10, 11, 13, 11]
accuracy_train : [0.8284600389863548, 0.8460038986354775, 0.8268482490272373, 0.811284046692607, 0.7859922178988327]
balanced_accuracy_train : [0.8262039278988431, 0.8441086602881054, 0.8205625124229776, 0.8090840734996946, 0.7855335312757515]
accuracy_test : [0.8062015503875969, 0.7906976744186046, 0.75, 0.8359375, 0.8203125]
balanced_accuracy_test : [0.815117157974301, 0.7798602611179111, 0.7683215130023641, 0.8341103341103341, 0.809959349593496]
overall_misclassification_rate_train : [0.04867552690003345, 0.10495347564313083, 0.07482003485640676, 0.04269966185992205, 0.010237305589629403]
statistical_parity_train : [0.026261366746753445, 0.029009304871373875, 0.023808441312419493, 0.02189570728896567, 0.028864355700937427]
predictive_equality_train : [0.13547811771162024, 0.038524482848913334, 0.17647058823529413, 0.15601184731605047, 0.12279990540860106]
equal_opportunity_train : [0.16666666666666663, 0.3486238532110092, 0.06546546546546539, 0.12140804597701149, 0.2133382461311717]
max_equalized_odds_train : [0.16666666666666663, 0.3486238532110092, 0.17647058823529413, 0.15601184731605047, 0.2133382461311717]
mean_equalized_odds_train : [0.14569191152146, 0.13524163539849487, 0.14278031751137724, 0.14497094572149327, 0.1516876250165808]
overall_misclassification_rate_test : [0.04309099662975446, 0.20588235294117646, 0.0625, 0.08504398826979473, 0.03627450980392155]
statistical_parity_test : [0.11266249398170436, 0.20371263259402125, 0.015625, 0.036656891495601196, 0.0019607843137254832]
predictive_equality_test : [0.09743589743589745, 0.08571428571428572, 0.1875, 0.1609014675052411, 0.08787878787878788]
equal_opportunity_test : [0.1785714285714286, 0.33333333333333337, 0.020161290322580627, 0.038461538461538436, 0.0]
max_equalized_odds_test : [0.1785714285714286, 0.33333333333333337, 0.1875, 0.1609014675052411, 0.08787878787878788]
mean_equalized_odds_test : [0.11944941363546017, 0.1682539682539683, 0.12605531754032256, 0.12359555162473793, 0.0611032196969697]
end
