dataset : data/synthetic.csv
labels_name : ['L1', 'L2', 'L3']
s : 10.0
sp : 0.04
a : 1.0
sensitive_groups : ['A1']
sensitive_labels : ['L1']
time_limit : 3600
lambda_bound : 9
n_folds : 5
nb_samples : 642
nb_features : 7
nb_labels : 3
optimality_gap : [0.11536651493002384, 0.1342626668593431, 0.12662093540490313, 0.09767361921562795, 0.23238719609959588]
execution_time : [3600.0079939365387, 3600.001400947571, 3600.0017170906067, 3600.0016329288483, 3600.0019960403442]
objective_function : [0.1585445094217024, 0.14879792072774528, 0.16796368352788588, 0.16809338521400777, 0.20116731517509728]
sparsity : [10, 10, 10, 12, 12]
accuracy_train : [0.8421052631578947, 0.8518518518518519, 0.8326848249027238, 0.8326848249027238, 0.7996108949416343]
balanced_accuracy_train : [0.840092816787732, 0.8563293306791668, 0.8229974160206718, 0.8314417970769302, 0.7975794530672579]
accuracy_test : [0.8294573643410853, 0.8062015503875969, 0.7578125, 0.8828125, 0.8359375]
balanced_accuracy_test : [0.8382464096749812, 0.7872042023663811, 0.7773049645390072, 0.8815073815073816, 0.8221805294976027]
overall_misclassification_rate_train : [0.05979136887564247, 0.1171319102353585, 0.06965219368038189, 0.10727986777661526, 0.022337316190389672]
statistical_parity_train : [0.038046288129923056, 0.03680897646414888, 0.03997878305675531, 0.039712505117590835, 0.026607908167128547]
predictive_equality_train : [0.13883934696117436, 0.17285284105786855, 0.0784313725490196, 0.19095477386934673, 0.13526570048309178]
equal_opportunity_train : [0.14035087719298245, 0.07339449541284404, 0.21861861861861853, 0.026580459770114917, 0.17722918201915994]
max_equalized_odds_train : [0.14035087719298245, 0.17285284105786855, 0.21861861861861853, 0.19095477386934673, 0.17722918201915994]
mean_equalized_odds_train : [0.1393343510136963, 0.14183269426799733, 0.1209784744689757, 0.13850849466258794, 0.14865482688759601]
overall_misclassification_rate_test : [0.08786711603273954, 0.07232401157184186, 0.109375, 0.0879765395894428, 0.05980392156862746]
statistical_parity_test : [0.09773712084737601, 0.21962391513982638, 0.03125, 0.09824046920821117, 0.023529411764705882]
predictive_equality_test : [0.14871794871794874, 0.0711484593837535, 0.0625, 0.1320754716981132, 0.044444444444444446]
equal_opportunity_test : [0.1428571428571429, 0.030303030303030276, 0.1411290322580645, 0.038461538461538436, 0.16666666666666663]
max_equalized_odds_test : [0.14871794871794874, 0.0711484593837535, 0.1411290322580645, 0.1320754716981132, 0.16666666666666663]
mean_equalized_odds_test : [0.1471278075929239, 0.057533316356845755, 0.09137159778225806, 0.10355247641509432, 0.08168402777777777]
end
