dataset : data/synthetic.csv
labels_name : ['L1', 'L2', 'L3']
s : 10.0
sp : 0.05
a : 1.0
sensitive_groups : ['A1']
sensitive_labels : ['L1']
time_limit : 3600
lambda_bound : 9
n_folds : 5
nb_samples : 642
nb_features : 7
nb_labels : 3
optimality_gap : [9.667300682720386e-05, 0.21064610040210033, 0.14533643581457398, 9.810950202898974e-05, 0.1878645351124156]
execution_time : [2980.7143201828003, 3600.0042729377747, 3600.0040860176086, 3082.5114381313324, 3600.002471923828]
objective_function : [0.15464587394411955, 0.14691358024691356, 0.14863813229571984, 0.16601815823605706, 0.18929961089494163]
sparsity : [10, 11, 12, 10, 9]
accuracy_train : [0.8460038986354775, 0.8538011695906432, 0.8521400778210116, 0.8346303501945526, 0.811284046692607]
balanced_accuracy_train : [0.844061070755986, 0.8526631295618485, 0.8483402902007553, 0.8322054607829316, 0.8100517368810052]
accuracy_test : [0.8604651162790697, 0.8604651162790697, 0.8046875, 0.875, 0.84375]
balanced_accuracy_test : [0.8600151171579743, 0.8547276621787026, 0.817966903073286, 0.871989121989122, 0.8307275380446112]
overall_misclassification_rate_train : [0.0885921961010918, 0.07785987958401751, 0.10050769114192619, 0.01749836995253909, 0.016219163145699877]
statistical_parity_train : [0.049025272953985566, 0.04022988505747127, 0.04949609759793888, 0.04709699919634869, 0.04935411082337615]
predictive_equality_train : [0.03731650432158046, 0.048474731605132236, 0.17647058823529413, 0.1306532663316583, 0.14492753623188406]
equal_opportunity_train : [0.29824561403508776, 0.3027522935779816, 0.04204204204204198, 0.12140804597701149, 0.10943257184966837]
max_equalized_odds_train : [0.29824561403508776, 0.3027522935779816, 0.17647058823529413, 0.1306532663316583, 0.14492753623188406]
mean_equalized_odds_train : [0.12276697299968811, 0.12778157354598194, 0.13567126293150555, 0.127703429486985, 0.13360229467802534]
overall_misclassification_rate_test : [0.038757823784304285, 0.14705882352941177, 0.109375, 0.04056695992179864, 0.04509803921568628]
statistical_parity_test : [0.1646605681271064, 0.2625361620057859, 0.0625, 0.08113391984359725, 0.00882352941176473]
predictive_equality_test : [0.03962703962703963, 0.08571428571428572, 0.1875, 0.11320754716981132, 0.044444444444444446]
equal_opportunity_test : [0.2142857142857143, 0.21212121212121215, 0.056451612903225756, 0.038461538461538436, 0.125]
max_equalized_odds_test : [0.2142857142857143, 0.21212121212121215, 0.1875, 0.11320754716981132, 0.125]
mean_equalized_odds_test : [0.0870150521313312, 0.12784992784992788, 0.1393806703629032, 0.09043337264150944, 0.06898871527777778]
end
