dataset : data/synthetic.csv
labels_name : ['L1', 'L2', 'L3']
s : 10.0
sp : 0.07
a : 1.0
sensitive_groups : ['A1']
sensitive_labels : ['L1']
time_limit : 3600
lambda_bound : 9
n_folds : 5
nb_samples : 642
nb_features : 7
nb_labels : 3
optimality_gap : [0.1489256351737534, 0.13128381376917986, 9.952747161731935e-05, 9.40903574153862e-05, 0.14359639491347162]
execution_time : [3600.001529932022, 3600.0014140605927, 2964.9290199279785, 2084.4688460826874, 3600.0053029060364]
objective_function : [0.14489928525016244, 0.13118908382066274, 0.14267185473411154, 0.15635538261997406, 0.17989623865110246]
sparsity : [10, 9, 10, 11, 14]
accuracy_train : [0.8557504873294347, 0.8693957115009746, 0.857976653696498, 0.8443579766536965, 0.8268482490272373]
balanced_accuracy_train : [0.8539817056766209, 0.8717622915730217, 0.8507751937984497, 0.8425795385121481, 0.8260347376201035]
accuracy_test : [0.8372093023255814, 0.875968992248062, 0.8125, 0.890625, 0.8828125]
balanced_accuracy_test : [0.8423280423280423, 0.8681915544675642, 0.826950354609929, 0.8890831390831391, 0.873462580779654]
overall_misclassification_rate_train : [0.014902223168395123, 0.03858784893267651, 0.043964537394862474, 0.0518127644088614, 0.015734556963942284]
statistical_parity_train : [0.06693835345640342, 0.069376026272578, 0.06566643934227476, 0.06521706166886532, 0.06467978132146046]
predictive_equality_train : [0.07284949924543832, 0.1032010997643362, 0.0784313725490196, 0.1407035175879397, 0.13526570048309178]
equal_opportunity_train : [0.19298245614035092, 0.12844036697247707, 0.19519519519519513, 0.06106321839080453, 0.11901252763448789]
max_equalized_odds_train : [0.19298245614035092, 0.12844036697247707, 0.19519519519519513, 0.1407035175879397, 0.13526570048309178]
mean_equalized_odds_train : [0.11219128629874302, 0.1110729959696043, 0.11386941988910401, 0.11529299410869812, 0.13007986323178627]
overall_misclassification_rate_test : [0.04068367838228215, 0.055448408871745423, 0.0625, 0.07282502443792767, 0.06568627450980392]
statistical_parity_test : [0.11506981222917673, 0.288572806171649, 0.078125, 0.1133919843597263, 0.02941176470588236]
predictive_equality_test : [0.11235431235431236, 0.04649859943977591, 0.0625, 0.11320754716981132, 0.044444444444444446]
equal_opportunity_test : [0.1785714285714286, 0.09090909090909094, 0.10483870967741937, 0.038461538461538436, 0.2416666666666667]
max_equalized_odds_test : [0.1785714285714286, 0.09090909090909094, 0.10483870967741937, 0.11320754716981132, 0.2416666666666667]
mean_equalized_odds_test : [0.13032019659926636, 0.06130209659621425, 0.07804624495967744, 0.09043337264150944, 0.10453559027777778]
end
