dataset : data/synthetic.csv
labels_name : ['L1', 'L2', 'L3']
s : 10.0
sp : 0.1
a : 1.0
sensitive_groups : ['A1']
sensitive_labels : ['L1']
time_limit : 3600
lambda_bound : 9
n_folds : 5
nb_samples : 642
nb_features : 7
nb_labels : 3
optimality_gap : [0.03078040330560649, 9.986479834150183e-05, 9.910522135163549e-05, 0.06987989331357009, 0.21194612442430658]
execution_time : [3600.0026330947876, 332.73687410354614, 313.5069658756256, 3600.0032930374146, 3600.00870013237]
objective_function : [0.12923976608187132, 0.11747888239116308, 0.1272373540856031, 0.1427367055771725, 0.1660181582360571]
sparsity : [9, 8, 12, 11, 10]
accuracy_train : [0.8713450292397661, 0.8830409356725146, 0.8735408560311284, 0.857976653696498, 0.8346303501945526]
balanced_accuracy_train : [0.8698547215496367, 0.8865667608467648, 0.8680679785330948, 0.8550096339113681, 0.831808943089431]
accuracy_test : [0.875968992248062, 0.8449612403100775, 0.8359375, 0.90625, 0.84375]
balanced_accuracy_test : [0.8790627362055933, 0.8320838433292534, 0.8485421591804571, 0.9013209013209013, 0.8303106107984157]
overall_misclassification_rate_train : [0.07017730604300354, 0.07320744389709907, 0.005986208986890965, 0.05446633004291196, 0.08569957445519664]
statistical_parity_train : [0.09931267297223323, 0.0960591133004926, 0.09561263923619004, 0.09658978907944016, 0.09763300168097769]
predictive_equality_train : [0.017011935793661684, 0.10817622414244565, 0.08333333333333333, 0.05527638190954774, 0.05314009661835749]
equal_opportunity_train : [0.2192982456140351, 0.05504587155963303, 0.1141141141141141, 0.14727011494252873, 0.16875460574797352]
max_equalized_odds_train : [0.2192982456140351, 0.10817622414244565, 0.1141141141141141, 0.14727011494252873, 0.16875460574797352]
mean_equalized_odds_train : [0.08325774485764363, 0.09160535394117855, 0.0926753601850878, 0.08462846793563507, 0.09002877268305988]
overall_misclassification_rate_test : [0.008907077515647566, 0.041224686595949855, 0.015625, 0.05131964809384164, 0.07647058823529412]
statistical_parity_test : [0.19451131439576314, 0.2213114754098361, 0.1875, 0.1407624633431085, 0.006862745098039191]
predictive_equality_test : [0.03962703962703963, 0.05154061624649861, 0.041666666666666664, 0.018867924528301886, 0.022222222222222223]
equal_opportunity_test : [0.1428571428571429, 0.06060606060606055, 0.14919354838709675, 0.07692307692307687, 0.16666666666666663]
max_equalized_odds_test : [0.1428571428571429, 0.06060606060606055, 0.14919354838709675, 0.07692307692307687, 0.16666666666666663]
mean_equalized_odds_test : [0.06763520717009092, 0.05456243103301926, 0.0811491935483871, 0.03655660377358489, 0.06623263888888888]
end
