dataset : data/synthetic.csv
labels_name : ['L1', 'L2', 'L3']
s : 3.0
sp : 0.06
a : 1.0
sensitive_groups : ['A1']
sensitive_labels : ['L1']
time_limit : 3600
lambda_bound : 9
n_folds : 5
nb_samples : 642
nb_features : 7
nb_labels : 3
optimality_gap : [0.0, 0.28849863772020146, 0.33755956844208984, 0.30724781777507465, 0.4948559475734673]
execution_time : [2059.9274559020996, 3600.0060498714447, 3600.010244846344, 3600.0013239383698, 3600.001633167267]
objective_function : [0.15009746588693956, 0.14230019493177387, 0.15953307392996108, 0.16904453091223517, 0.21573713791612623]
sparsity : [9, 9, 9, 8, 8]
accuracy_train : [0.8518518518518519, 0.8596491228070176, 0.8424124513618677, 0.8326848249027238, 0.7859922178988327]
balanced_accuracy_train : [0.850013451708367, 0.8615667608467646, 0.8340787119856886, 0.8307016307157292, 0.7827974870657798]
accuracy_test : [0.8449612403100775, 0.813953488372093, 0.7734375, 0.8671875, 0.7890625]
balanced_accuracy_test : [0.8491307634164778, 0.8010760913912689, 0.7914893617021277, 0.8644133644133644, 0.7725661872003334]
overall_misclassification_rate_train : [0.016468477236093793, 0.027230432402846186, 0.03520497082670304, 0.0365282263567302, 0.10364514712340799]
statistical_parity_train : [0.058468416410693114, 0.05008210180623973, 0.058361748882321735, 0.05802968960863697, 0.05476049853860948]
predictive_equality_train : [0.09823020990533682, 0.10817622414244565, 0.08823529411764706, 0.135678391959799, 0.05682240464849161]
equal_opportunity_train : [0.16666666666666663, 0.1651376146788991, 0.15555555555555556, 0.08692528735632177, 0.21002210759027273]
max_equalized_odds_train : [0.16666666666666663, 0.1651376146788991, 0.15555555555555556, 0.135678391959799, 0.21002210759027273]
mean_equalized_odds_train : [0.12064214896167874, 0.1259419599822752, 0.10866712443732357, 0.12012292667775569, 0.10570324371941009]
overall_misclassification_rate_test : [0.02455464612421762, 0.01759884281581485, 0.078125, 0.025415444770283485, 0.08529411764705883]
statistical_parity_test : [0.13119884448724123, 0.16248794599807137, 0.0625, 0.09628543499511238, 0.05686274509803921]
predictive_equality_test : [0.09417249417249417, 0.05154061624649861, 0.0625, 0.09433962264150944, 0.043434343434343436]
equal_opportunity_test : [0.1785714285714286, 0.18181818181818177, 0.0766129032258065, 0.038461538461538436, 0.24999999999999994]
max_equalized_odds_test : [0.1785714285714286, 0.18181818181818177, 0.0766129032258065, 0.09433962264150944, 0.24999999999999994]
mean_equalized_odds_test : [0.11707142986212755, 0.09496647143705966, 0.06768208165322583, 0.07731426886792453, 0.10637231691919191]
end
