dataset : data/synthetic.csv
labels_name : ['L1', 'L2', 'L3']
s : 3.0
sp : 0.07
a : 1.0
sensitive_groups : ['A1']
sensitive_labels : ['L1']
time_limit : 3600
lambda_bound : 9
n_folds : 5
nb_samples : 642
nb_features : 7
nb_labels : 3
optimality_gap : [0.20985692485165316, 0.29705331703839916, 0.26706850954289146, 0.36834118711471625, 0.447279432563351]
execution_time : [3600.0045189857483, 3600.0057179927826, 3600.0018570423126, 3600.014528989792, 3600.001230955124]
objective_function : [0.14814814814814814, 0.14230019493177387, 0.15153480328577604, 0.17293558149589278, 0.19455252918287935]
sparsity : [9, 9, 8, 8, 9]
accuracy_train : [0.8538011695906432, 0.8596491228070176, 0.8501945525291829, 0.8287937743190662, 0.8073929961089494]
balanced_accuracy_train : [0.8519975786924939, 0.8580285858002097, 0.8432220234545816, 0.8293547151205812, 0.8033180841212801]
accuracy_test : [0.8682170542635659, 0.8294573643410853, 0.8046875, 0.859375, 0.8046875]
balanced_accuracy_test : [0.8804232804232804, 0.8216799265605875, 0.8201733648542159, 0.8628334628334628, 0.7903637690223057]
overall_misclassification_rate_train : [0.06709041695812172, 0.0819649698960044, 0.0401909524892021, 0.06861362568045005, 0.23274726273227025]
statistical_parity_train : [0.06128159119248194, 0.06787082649151616, 0.06944002424793513, 0.06664240549515532, 0.0672239637756879]
predictive_equality_train : [0.12868706269721497, 0.02857423409269442, 0.0784313725490196, 0.12655995207827214, 0.03662038444647141]
equal_opportunity_train : [0.10526315789473684, 0.2543622953768664, 0.1861861861861861, 0.12068965517241381, 0.4299926308032424]
max_equalized_odds_train : [0.12868706269721497, 0.2543622953768664, 0.1861861861861861, 0.12655995207827214, 0.4299926308032424]
mean_equalized_odds_train : [0.12101607632915194, 0.09899546178366424, 0.11113516812761488, 0.1246869390577259, 0.16213215176653065]
overall_misclassification_rate_test : [0.10038517091959559, 0.14368370298939248, 0.0625, 0.13343108504398826, 0.24411764705882355]
statistical_parity_test : [0.1747713047664901, 0.2003375120540019, 0.140625, 0.05669599217986315, 0.0823529411764706]
predictive_equality_test : [0.11235431235431236, 0.04649859943977591, 0.020833333333333332, 0.1708595387840671, 0.045454545454545456]
equal_opportunity_test : [0.0357142857142857, 0.2727272727272727, 0.020161290322580627, 0.038461538461538436, 0.55]
max_equalized_odds_test : [0.11235431235431236, 0.2727272727272727, 0.020833333333333332, 0.1708595387840671, 0.55]
mean_equalized_odds_test : [0.09156050667678575, 0.12190815720227484, 0.020586567540322575, 0.13051952306079664, 0.19918323863636367]
end
