dataset : data/synthetic.csv
labels_name : ['L1', 'L2', 'L3']
s : 3.0
sp : 0.08
a : 1.0
sensitive_groups : ['A1']
sensitive_labels : ['L1']
time_limit : 3600
lambda_bound : 9
n_folds : 5
nb_samples : 642
nb_features : 7
nb_labels : 3
optimality_gap : [0.1174456771276218, 0.12478632468784019, 0.28900770886476596, 0.3166894401118746, 0.38419297033219846]
execution_time : [3600.006325006485, 3600.0013580322266, 3600.0013859272003, 3600.0014810562134, 3600.001489162445]
objective_function : [0.14035087719298245, 0.1267056530214425, 0.1593169044530912, 0.15953307392996108, 0.18460873324686555]
sparsity : [9, 9, 8, 9, 8]
accuracy_train : [0.8615984405458089, 0.8752436647173489, 0.8424124513618677, 0.8424124513618677, 0.8171206225680934]
balanced_accuracy_train : [0.8599340866290018, 0.8797813790962992, 0.8350725501888293, 0.8421020246746016, 0.8131005173688101]
accuracy_test : [0.875968992248062, 0.8372093023255814, 0.796875, 0.8828125, 0.8203125]
balanced_accuracy_test : [0.8845049130763417, 0.8222919216646267, 0.8130811662726556, 0.8836182336182336, 0.8050865124035855]
overall_misclassification_rate_train : [0.027751589063592957, 0.11247947454844007, 0.01633704629840116, 0.009097939316744755, 0.12796631987036783]
statistical_parity_train : [0.07771965572823214, 0.07977558839627802, 0.07722967341062362, 0.07372363493002171, 0.07908167128556934]
predictive_equality_train : [0.09315406777335711, 0.14300209478921183, 0.08823529411764706, 0.09115111983759858, 0.03864734299516908]
equal_opportunity_train : [0.13157894736842102, 0.02752293577981646, 0.11051051051051053, 0.18103448275862066, 0.21002210759027273]
max_equalized_odds_train : [0.13157894736842102, 0.14300209478921183, 0.11051051051051053, 0.18103448275862066, 0.21002210759027273]
mean_equalized_odds_train : [0.105737654073495, 0.10698520309037507, 0.09499586562987798, 0.11982985820150446, 0.09332722897492979]
overall_misclassification_rate_test : [0.05320173326913818, 0.08871745419479267, 0.078125, 0.05669599217986315, 0.08921568627450979]
statistical_parity_test : [0.1921039961482908, 0.20323047251687554, 0.125, 0.0689149560117302, 0.05294117647058824]
predictive_equality_test : [0.07599067599067598, 0.09075630252100841, 0.020833333333333332, 0.12316561844863731, 0.044444444444444446]
equal_opportunity_test : [0.0714285714285714, 0.030303030303030276, 0.012096774193548376, 0.11538461538461542, 0.24999999999999994]
max_equalized_odds_test : [0.07599067599067598, 0.09075630252100841, 0.020833333333333332, 0.12316561844863731, 0.24999999999999994]
mean_equalized_odds_test : [0.07475289568312822, 0.07060521178168236, 0.017625378024193544, 0.12079484407756814, 0.10707465277777777]
end
