dataset : data/synthetic.csv
labels_name : ['L1', 'L2', 'L3']
s : 3.0
sp : 0.09
a : 1.0
sensitive_groups : ['A1']
sensitive_labels : ['L1']
time_limit : 3600
lambda_bound : 9
n_folds : 5
nb_samples : 642
nb_features : 7
nb_labels : 3
optimality_gap : [0.16638154115359413, 0.13740584963064273, 0.10678706325189848, 0.14832952082974302, 0.3782457639873416]
execution_time : [3600.0020508766174, 3600.0015318393707, 3600.0012929439545, 3600.0058131217957, 3600.006397008896]
objective_function : [0.13450292397660818, 0.12453974442278534, 0.13424124513618677, 0.15369649805447472, 0.16731517509727625]
sparsity : [9, 8, 9, 9, 9]
accuracy_train : [0.8674463937621832, 0.8771929824561403, 0.867704280155642, 0.8482490272373541, 0.8346303501945526]
balanced_accuracy_train : [0.8658864675813828, 0.8750094982769322, 0.8618564897634665, 0.8475651573406103, 0.8349607300931944]
accuracy_test : [0.8449612403100775, 0.8217054263565892, 0.828125, 0.8984375, 0.8671875]
balanced_accuracy_test : [0.8572940287226002, 0.8108680130558956, 0.8411347517730497, 0.8977984977984979, 0.8608244736293517]
overall_misclassification_rate_train : [0.07820625893373072, 0.12547892720306514, 0.00951731454118361, 0.026429513715143516, 0.031211666893825818]
statistical_parity_train : [0.08833368814817066, 0.08784893267651891, 0.08404940516784115, 0.08677917784955042, 0.08694137779595051]
predictive_equality_train : [0.11853477843325558, 0.011226760932181196, 0.08823529411764706, 0.061000366068754364, 0.07449072666463971]
equal_opportunity_train : [0.06140350877192979, 0.3027522935779816, 0.13213213213213204, 0.2068965517241379, 0.23728813559322037]
max_equalized_odds_train : [0.11853477843325558, 0.3027522935779816, 0.13213213213213204, 0.2068965517241379, 0.23728813559322037]
mean_equalized_odds_train : [0.09982512287165182, 0.1021509036677135, 0.10155806985745185, 0.10755090001327364, 0.12643386881305843]
overall_misclassification_rate_test : [0.11771786230139625, 0.06509161041465768, 0.03125, 0.004887585532746819, 0.06372549019607844]
statistical_parity_test : [0.1275878671160327, 0.1805689488910318, 0.109375, 0.09824046920821117, 0.06862745098039214]
predictive_equality_test : [0.14871794871794874, 0.012324929971988793, 0.0625, 0.06656184486373166, 0.06565656565656565]
equal_opportunity_test : [0.0714285714285714, 0.21212121212121215, 0.040322580645161255, 0.15384615384615385, 0.33333333333333337]
max_equalized_odds_test : [0.14871794871794874, 0.21212121212121215, 0.0625, 0.15384615384615385, 0.33333333333333337]
mean_equalized_odds_test : [0.12774796263168356, 0.07892369068839658, 0.05435672883064515, 0.09315628275681342, 0.14721433080808083]
end
