dataset : data/synthetic.csv
labels_name : ['L1', 'L2', 'L3']
s : 3.0
sp : 0.1
a : 1.0
sensitive_groups : ['A1']
sensitive_labels : ['L1']
time_limit : 3600
lambda_bound : 9
n_folds : 5
nb_samples : 642
nb_features : 7
nb_labels : 3
optimality_gap : [0.1149718509690311, 0.08029197073528037, 0.08730158723748624, 0.20059139711716523, 0.37722971926197796]
execution_time : [3600.0072770118713, 3600.001739025116, 3600.001929998398, 3600.001437187195, 3600.0041728019714]
objective_function : [0.13060428849902533, 0.11869179120641107, 0.13618677042801558, 0.14980544747081712, 0.1746649373108517]
sparsity : [9, 8, 9, 9, 7]
accuracy_train : [0.8713450292397661, 0.8830409356725146, 0.8657587548638133, 0.8521400778210116, 0.8268482490272373]
balanced_accuracy_train : [0.8698547215496367, 0.8865667608467648, 0.8648620488455446, 0.8510268339677616, 0.8235402808573541]
accuracy_test : [0.875968992248062, 0.8449612403100775, 0.859375, 0.8828125, 0.8046875]
balanced_accuracy_test : [0.8790627362055933, 0.8320838433292534, 0.8642237982663513, 0.8815073815073816, 0.7879924953095685]
overall_misclassification_rate_train : [0.07017730604300354, 0.07320744389709907, 0.04123664469197545, 0.07398140987732944, 0.12461950842760439]
statistical_parity_train : [0.09931267297223323, 0.0960591133004926, 0.09879518072289156, 0.09548287312923626, 0.0982387594081747]
predictive_equality_train : [0.017011935793661684, 0.10817622414244565, 0.09511077158135982, 0.135678391959799, 0.028985507246376812]
equal_opportunity_train : [0.2192982456140351, 0.05504587155963303, 0.11711711711711714, 0.0007183908045976795, 0.21112748710390572]
max_equalized_odds_train : [0.2192982456140351, 0.10817622414244565, 0.11711711711711714, 0.135678391959799, 0.21112748710390572]
mean_equalized_odds_train : [0.08325774485764363, 0.09160535394117855, 0.10178974026536398, 0.09261722427603827, 0.0871008471230981]
overall_misclassification_rate_test : [0.008907077515647566, 0.041224686595949855, 0.0, 0.057673509286412517, 0.1519607843137255]
statistical_parity_test : [0.19451131439576314, 0.2213114754098361, 0.109375, 0.12854349951124144, 0.04901960784313725]
predictive_equality_test : [0.03962703962703963, 0.05154061624649861, 0.06439393939393939, 0.09433962264150944, 0.0]
equal_opportunity_test : [0.1428571428571429, 0.06060606060606055, 0.12903225806451613, 0.038461538461538436, 0.3333333333333333]
max_equalized_odds_test : [0.1428571428571429, 0.06060606060606055, 0.12903225806451613, 0.09433962264150944, 0.3333333333333333]
mean_equalized_odds_test : [0.06763520717009092, 0.05456243103301926, 0.0881283220307918, 0.07731426886792453, 0.1015625]
end
