dataset : data/german_credit_binary.csv
label_name : Risk == good
sensitive_group : Sex == female
time_limit : 3600
lambda_bound : 9
n_folds : 5
nb_samples : 1000
nb_features : 33
optimality_gap : [0.16367687412381438, 0.19797572912603578, 0.15474663097662913, 0.20032095542550418, 0.19559139131143297]
execution_time : [3600.0021719932556, 3600.0024638175964, 3600.0019409656525, 3600.0022118091583, 3600.0048367977142]
objective_function : [0.30125000000000013, 0.3050000000000001, 0.30125000000000013, 0.2962500000000001, 0.2962500000000001]
sparsity : [0, 0, 0, 0, 0]
accuracy_train : [0.69875, 0.695, 0.69875, 0.70375, 0.70375]
accuracy_test : [0.705, 0.72, 0.705, 0.685, 0.685]
statistical_parity_train : [0.0, 0.0, 0.0, 0.0, 0.0]
statistical_parity_test : [0.0, 0.0, 0.0, 0.0, 0.0]
end
