dataset : data/german_credit_binary.csv
label_name : Risk == good
sensitive_group : Sex == female
time_limit : 3600
lambda_bound : 9
n_folds : 5
nb_samples : 1000
nb_features : 33
optimality_gap : [0.15447867571499682, 0.181669057900609, 0.1686474394526213, 0.18456571168069424, 0.17594065465849656]
execution_time : [3600.002319097519, 3600.001331090927, 3600.001065015793, 3600.004063129425, 3600.007663011551]
objective_function : [0.30125000000000013, 0.3050000000000001, 0.30125000000000013, 0.29375, 0.2962500000000001]
sparsity : [0, 0, 0, 3, 0]
accuracy_train : [0.69875, 0.695, 0.69875, 0.73625, 0.70375]
accuracy_test : [0.705, 0.72, 0.705, 0.7, 0.685]
statistical_parity_train : [0.0, 0.0, 0.0, 0.052264113305405924, 0.0]
statistical_parity_test : [0.0, 0.0, 0.0, 0.008416563797553622, 0.0]
end
