dataset : data/german_credit_binary.csv
label_name : Risk == good
sensitive_group : Sex == female
time_limit : 3600
lambda_bound : 9
n_folds : 5
nb_samples : 1000
nb_features : 33
optimality_gap : [0.2731946351475843, 0.26982197482046677, 0.29722770039191626, 0.3658161839766192, 0.3118771779878507]
execution_time : [3600.007064819336, 3600.011898994446, 3600.00781083107, 3600.005923986435, 3600.0058510303497]
objective_function : [0.24450000000000005, 0.24025000000000032, 0.24450000000000027, 0.2552500000000002, 0.24550000000000005]
sparsity : [17, 14, 12, 13, 18]
accuracy_train : [0.7725, 0.77375, 0.7675, 0.75875, 0.7725]
accuracy_test : [0.685, 0.73, 0.72, 0.715, 0.71]
statistical_parity_train : [0.06667813200908634, 0.08187377459019385, 0.09160626814726158, 0.05765749791283403, 0.1400771388499299]
statistical_parity_test : [0.008728019509690599, 0.07925462908361836, 0.09594882729211085, 0.04331724834474249, 0.22837774661056576]
end
