dataset : data/german_credit_binary.csv
label_name : Risk == good
sensitive_group : Sex == female
time_limit : 3600
lambda_bound : 9
n_folds : 5
nb_samples : 1000
nb_features : 33
optimality_gap : [0.3240778712587256, 0.2479047924523475, 0.2986119888425139, 0.28271307911773885, 0.2751493012985202]
execution_time : [3600.0027520656586, 3600.001123905182, 3600.0009450912476, 3600.003786087036, 3600.0058178901672]
objective_function : [0.25350000000000006, 0.23300000000000004, 0.2502500000000004, 0.23400000000000082, 0.22925000000000004]
sparsity : [16, 18, 14, 14, 18]
accuracy_train : [0.7625, 0.785, 0.76375, 0.78, 0.78875]
accuracy_test : [0.72, 0.695, 0.73, 0.73, 0.735]
statistical_parity_train : [0.05521278958946918, 0.09731849357502609, 0.05749495755480194, 0.06243766207859569, 0.07842449742870505]
statistical_parity_test : [0.04274162495186751, 0.05366198844203318, 0.04387835259791273, 0.04320502749410837, 0.2267414679756895]
end
