dataset : data/german_credit_binary.csv
label_name : Risk == good
sensitive_group : Sex == female
time_limit : 3600
lambda_bound : 9
n_folds : 5
nb_samples : 1000
nb_features : 33
optimality_gap : [0.29167026223703496, 0.25901756344184523, 0.3232295178229256, 0.3030681938442389, 0.32090969748651643]
execution_time : [3600.0043330192566, 3600.0043008327484, 3600.0015001296997, 3600.003296136856, 3600.004623889923]
objective_function : [0.24675000000000027, 0.23975000000000005, 0.25975000000000004, 0.23475000000000026, 0.2402500000000007]
sparsity : [13, 21, 10, 16, 14]
accuracy_train : [0.76625, 0.78125, 0.75125, 0.78125, 0.77375]
accuracy_test : [0.735, 0.715, 0.715, 0.735, 0.725]
statistical_parity_train : [0.06563908535230845, 0.15524165628029352, 0.015736861936742286, 0.07754652717748667, 0.09794296400187008]
statistical_parity_test : [0.0405596200744448, 0.10602665408656675, 0.030748513073729056, 0.07361687801593542, 0.21224871435250114]
end
