dataset : data/german_credit_binary.csv
label_name : Risk == good
sensitive_group : Sex == female
time_limit : 3600
lambda_bound : 9
n_folds : 5
nb_samples : 1000
nb_features : 33
optimality_gap : [0.3032176661770286, 0.24301672170561303, 0.3114088381494039, 0.27638630269270453, 0.28838675080502874]
execution_time : [3600.003739118576, 3600.0010709762573, 3600.0010991096497, 3600.002899169922, 3600.003823041916]
objective_function : [0.24700000000000022, 0.23600000000000027, 0.24900000000000025, 0.23225000000000004, 0.2325000000000002]
sparsity : [12, 16, 14, 16, 15]
accuracy_train : [0.765, 0.78, 0.765, 0.78375, 0.7825]
accuracy_test : [0.72, 0.71, 0.72, 0.725, 0.725]
statistical_parity_train : [0.24079368832899795, 0.055073287706178586, 0.032279037465552496, 0.04418142459235608, 0.11226040205703602]
statistical_parity_test : [0.16801437556154541, 0.07524472225498291, 0.06609808102345416, 0.013466502076085796, 0.25011687704534835]
end
