dataset : data/german_credit_binary.csv
label_name : Risk == good
sensitive_group : Sex == female
time_limit : 3600
lambda_bound : 9
n_folds : 5
nb_samples : 1000
nb_features : 33
optimality_gap : [0.3044603298455034, 0.26714746693916247, 0.284160416978728, 0.29957853225611764, 0.29987267897275915]
execution_time : [3600.0036380290985, 3600.001254081726, 3600.002781152725, 3600.002093076706, 3600.0062339305878]
objective_function : [0.25550000000000006, 0.24375000000000052, 0.24650000000000072, 0.23225000000000004, 0.24250000000000005]
sparsity : [13, 20, 14, 20, 15]
accuracy_train : [0.7575, 0.77625, 0.7675, 0.78875, 0.7725]
accuracy_test : [0.72, 0.755, 0.725, 0.74, 0.735]
statistical_parity_train : [0.023281810950835147, 0.145547708073674, 0.06288095396413762, 0.09378578658450987, 0.0022791023842917424]
statistical_parity_test : [0.005005775895263742, 0.24354287062153557, 0.03635955560543147, 0.11816855571765239, 0.10425432445067795]
end
