dataset : data/german_credit_binary.csv
label_name : Risk == good
sensitive_group : Sex == female
time_limit : 3600
lambda_bound : 9
n_folds : 5
nb_samples : 1000
nb_features : 33
optimality_gap : [0.31195555801536035, 0.23361300062774973, 0.272381637278285, 0.33873252638699575, 0.32627264914337606]
execution_time : [3600.0062851905823, 3600.0020031929016, 3600.0045149326324, 3600.0017108917236, 3600.001492023468]
objective_function : [0.25100000000000006, 0.2322500000000004, 0.2447500000000007, 0.24600000000000005, 0.24675000000000027]
sparsity : [16, 16, 16, 16, 13]
accuracy_train : [0.765, 0.78375, 0.77125, 0.77, 0.76625]
accuracy_test : [0.73, 0.71, 0.71, 0.735, 0.72]
statistical_parity_train : [0.08550995693330754, 0.07801077267327028, 0.09947469911563278, 0.09762026139444846, 0.09841047218326326]
statistical_parity_test : [0.005519188807598496, 0.09364311829225147, 0.10313096173268999, 0.1849399618449108, 0.19939223936418893]
end
