dataset : data/german_credit_binary.csv
label_name : Risk == good
sensitive_group : Sex == female
time_limit : 3600
lambda_bound : 9
n_folds : 5
nb_samples : 1000
nb_features : 33
optimality_gap : [0.3208649547575473, 0.27727272242979745, 0.3550685154781772, 0.3028317493495276, 0.35832506280281934]
execution_time : [3600.0031259059906, 3600.002657175064, 3600.001065969467, 3600.0045189857483, 3600.0049500465393]
objective_function : [0.26025000000000026, 0.24650000000000044, 0.26925000000000004, 0.23650000000000004, 0.26150000000000007]
sparsity : [14, 14, 13, 14, 9]
accuracy_train : [0.75375, 0.7675, 0.74375, 0.7775, 0.7475]
accuracy_test : [0.695, 0.73, 0.705, 0.7, 0.72]
statistical_parity_train : [0.04318134588788325, 0.04870297888468578, 0.04981123153874001, 0.040450384555710706, 0.03103085553997198]
statistical_parity_test : [0.007187780772686336, 0.004717537445453446, 0.0803501290539782, 0.0059477050836045375, 0.09794296400187008]
end
