dataset : data/german_credit_binary.csv
label_name : Risk == good
sensitive_group : Sex == female
time_limit : 3600
lambda_bound : 9
n_folds : 5
nb_samples : 1000
nb_features : 33
optimality_gap : [0.31542059771902214, 0.29550672296137637, 0.30529264045015986, 0.38868133557230705, 0.2917415313648426]
execution_time : [3600.0024790763855, 3600.00159406662, 3600.0033559799194, 3600.0032370090485, 3600.0060369968414]
objective_function : [0.2625, 0.2517500000000005, 0.2530000000000005, 0.26775000000000004, 0.24150000000000027]
sparsity : [15, 18, 18, 14, 14]
accuracy_train : [0.7525, 0.76625, 0.765, 0.74625, 0.7725]
accuracy_test : [0.725, 0.68, 0.72, 0.73, 0.715]
statistical_parity_train : [0.02865619021003074, 0.025765493917594084, 0.02100464717660011, 0.02893218372971007, 0.019576905095839203]
statistical_parity_test : [0.016942626107046665, 0.055666941856351015, 0.0054988216810683, 0.050611603635955515, 0.21645628798503969]
end
