dataset : data/german_credit_binary.csv
label_name : Risk == good
sensitive_group : Sex == female
time_limit : 3600
lambda_bound : 9
n_folds : 5
nb_samples : 1000
nb_features : 33
optimality_gap : [0.3344304694399635, 0.27954728443745464, 0.3355488063736549, 0.33214572564984807, 0.29024653222930535]
execution_time : [3600.003180027008, 3600.0013768672943, 3600.0029740333557, 3600.0041420459747, 3600.0014839172363]
objective_function : [0.26700000000000007, 0.24875000000000017, 0.26800000000000024, 0.2522500000000004, 0.2387500000000002]
sparsity : [12, 20, 13, 16, 15]
accuracy_train : [0.745, 0.77125, 0.745, 0.76375, 0.77625]
accuracy_test : [0.655, 0.71, 0.69, 0.695, 0.695]
statistical_parity_train : [0.014754462526244905, 0.00696069213332462, 0.01636485877459337, 0.012279185229514322, 0.01858345021037866]
statistical_parity_test : [0.035168784494929994, 0.04788300507135279, 0.002132196162046851, 0.002244417012680966, 0.13744740532959332]
end
