dataset : data/german_credit_binary.csv
label_name : Risk == good
sensitive_group : Sex == female
time_limit : 3600
lambda_bound : 9
n_folds : 5
nb_samples : 1000
nb_features : 33
optimality_gap : [0.38485535550101774, 0.3539966036324025, 0.34087914520093093, 0.42460615984879213, 0.3534528480290998]
execution_time : [3600.0029578208923, 3600.0032529830933, 3600.0030109882355, 3600.0027310848236, 3600.00385594368]
objective_function : [0.2759999999999999, 0.28050000000000025, 0.2705000000000004, 0.2802500000000001, 0.2630000000000003]
sparsity : [16, 13, 8, 24, 13]
accuracy_train : [0.74, 0.7325, 0.7375, 0.74375, 0.75]
accuracy_test : [0.72, 0.745, 0.675, 0.7, 0.735]
statistical_parity_train : [0.023296142628859706, 0.006691010867426184, 0.007691114214154249, 0.009486446350599587, 0.0073048153342683]
statistical_parity_test : [0.05557694776023614, 0.05366198844203318, 0.027606329255975726, 0.0135787229267198, 0.15848527349228603]
end
