dataset : data/german_credit_binary.csv
label_name : Risk == good
sensitive_group : Sex == female
time_limit : 3600
lambda_bound : 9
n_folds : 5
nb_samples : 1000
nb_features : 33
optimality_gap : [0.2965575627516716, 0.24492233548962689, 0.27291285328969933, 0.30096379626686426, 0.27095699787746197]
execution_time : [3600.0024452209473, 3600.002774000168, 3600.0029928684235, 3600.001324892044, 3600.001410007477]
objective_function : [0.23525000000000001, 0.21459999999999999, 0.22220000000000004, 0.2144000000000004, 0.21544999999999953]
sparsity : [15, 21, 22, 19, 17]
accuracy_train : [0.76625, 0.7875, 0.78, 0.7875, 0.78625]
accuracy_test : [0.715, 0.705, 0.69, 0.71, 0.74]
statistical_parity_train : [0.06442089272022422, 0.12724582540689067, 0.15529253570346724, 0.016423964359332466, 0.12143525011687706]
statistical_parity_test : [0.010268258246694861, 0.09163816487793375, 0.0952755021883065, 0.046122769610593584, 0.19939223936418893]
end
