dataset : data/german_credit_binary.csv
label_name : Risk == good
sensitive_group : Sex == female
time_limit : 3600
lambda_bound : 9
n_folds : 5
nb_samples : 1000
nb_features : 33
optimality_gap : [0.3271824526865973, 0.28023593166584276, 0.3084571163859168, 0.34744598238334373, 0.2953299835821831]
execution_time : [3600.001119852066, 3600.001457929611, 3600.0022010803223, 3600.002774000168, 3600.0035729408264]
objective_function : [0.23690000000000005, 0.2230500000000003, 0.22335000000000044, 0.22950000000000007, 0.22305000000000005]
sparsity : [19, 18, 21, 20, 18]
accuracy_train : [0.765, 0.77875, 0.77875, 0.7725, 0.77875]
accuracy_test : [0.73, 0.735, 0.7, 0.71, 0.73]
statistical_parity_train : [0.058064793516348856, 0.20825953541935438, 0.2461895368338617, 0.003997015167970686, 0.040322580645161255]
statistical_parity_test : [0.03273007316134002, 0.21594527656563278, 0.2750533049040511, 0.02322971608124791, 0.11150070126227207]
end
