dataset : data/german_credit_binary.csv
label_name : Risk == good
sensitive_group : Sex == female
time_limit : 3600
lambda_bound : 9
n_folds : 5
nb_samples : 1000
nb_features : 33
optimality_gap : [0.29731344845666186, 0.2570802892286801, 0.26996041604461923, 0.3097211352432245, 0.2909028185708321]
execution_time : [3600.005562067032, 3600.002837896347, 3600.004408121109, 3600.003037929535, 3600.0068759918213]
objective_function : [0.22690000000000002, 0.21575000000000025, 0.22575000000000028, 0.21430000000000002, 0.22180000000000047]
sparsity : [19, 20, 20, 18, 18]
accuracy_train : [0.775, 0.78625, 0.77625, 0.7875, 0.78]
accuracy_test : [0.76, 0.685, 0.695, 0.695, 0.72]
statistical_parity_train : [0.13630142385221178, 0.14524158339346493, 0.11555141816462378, 0.018078920732022663, 0.17116643291257594]
statistical_parity_test : [0.04428186368887177, 0.1520226441797381, 0.14813152283694309, 0.02379082033441815, 0.36863020102851796]
end
