dataset : data/german_credit_binary.csv
label_name : Risk == good
sensitive_group : Sex == female
time_limit : 3600
lambda_bound : 9
n_folds : 5
nb_samples : 1000
nb_features : 33
optimality_gap : [0.3143946367517677, 0.2969901494293281, 0.2951726936941523, 0.30753645409635766, 0.3066325356203773]
execution_time : [3600.0042390823364, 3600.003087043762, 3600.0036520957947, 3600.0043590068817, 3600.005609035492]
objective_function : [0.23180000000000003, 0.22305000000000003, 0.23025000000000045, 0.21555000000000024, 0.22555000000000006]
sparsity : [18, 18, 15, 18, 18]
accuracy_train : [0.77, 0.77875, 0.77125, 0.78625, 0.77625]
accuracy_test : [0.715, 0.75, 0.72, 0.69, 0.7]
statistical_parity_train : [0.041282398549634225, 0.14786550922382813, 0.12206780888209179, 0.03617261786023007, 0.28669939223936414]
statistical_parity_test : [0.010268258246694861, 0.2179502299799505, 0.1630568959712715, 0.001009987655706368, 0.37190275829827024]
end
