dataset : data/german_credit_binary.csv
label_name : Risk == good
sensitive_group : Sex == female
time_limit : 3600
lambda_bound : 9
n_folds : 5
nb_samples : 1000
nb_features : 33
optimality_gap : [0.2781786283768331, 0.2413115233342369, 0.30717330049748415, 0.2916684024029884, 0.2918615364039247]
execution_time : [3600.00377202034, 3600.0012509822845, 3600.003874063492, 3600.0040261745453, 3600.0032489299774]
objective_function : [0.23055000000000025, 0.21950000000000067, 0.23075, 0.2133500000000002, 0.22180000000000005]
sparsity : [17, 20, 20, 21, 18]
accuracy_train : [0.77125, 0.7825, 0.77125, 0.78875, 0.78]
accuracy_test : [0.735, 0.74, 0.715, 0.7, 0.715]
statistical_parity_train : [0.11155778174287534, 0.11558393282749879, 0.03258195358733962, 0.026523631151598392, 0.026238896680691903]
statistical_parity_test : [0.10088563727377753, 0.16558556433541693, 0.05880372573224102, 0.1659746380877567, 0.010285179990649818]
end
