dataset : data/german_credit_binary.csv
label_name : Risk == good
sensitive_group : Sex == female
time_limit : 3600
lambda_bound : 9
n_folds : 5
nb_samples : 1000
nb_features : 33
optimality_gap : [0.2926848705118664, 0.26943850712554834, 0.3050383517406674, 0.32383593938063526, 0.3028799433380275]
execution_time : [3600.0050580501556, 3600.003450155258, 3600.002322912216, 3600.0015420913696, 3600.003739118576]
objective_function : [0.2340000000000024, 0.21785000000000018, 0.23150000000000048, 0.22220000000000034, 0.22440000000000046]
sparsity : [15, 16, 15, 22, 19]
accuracy_train : [0.7675, 0.78375, 0.77, 0.78, 0.7775]
accuracy_test : [0.725, 0.735, 0.71, 0.705, 0.715]
statistical_parity_train : [0.04790363379696316, 0.06414769786951802, 0.020620460875797053, 0.05564051983361773, 0.045172978027115396]
statistical_parity_test : [0.07136439481452961, 0.01686519636749617, 0.0019077544607788433, 0.11042531702390301, 0.08882655446470311]
end
