dataset : data/german_credit_binary.csv
label_name : Risk == good
sensitive_group : Sex == female
time_limit : 3600
lambda_bound : 9
n_folds : 5
nb_samples : 1000
nb_features : 33
optimality_gap : [0.3316096286241682, 0.2417474292617082, 0.3192812656355557, 0.3648637222066727, 0.4299044693733843]
execution_time : [3600.002580881119, 3600.00302195549, 3600.0024139881134, 3600.001587867737, 3600.0066199302673]
objective_function : [0.25120000000000003, 0.21805, 0.23420000000000002, 0.23180000000000003, 0.23745000000000005]
sparsity : [12, 18, 17, 18, 12]
accuracy_train : [0.75, 0.78375, 0.7675, 0.77, 0.76375]
accuracy_test : [0.685, 0.72, 0.73, 0.705, 0.645]
statistical_parity_train : [0.03646695473339501, 0.04742745938381476, 0.010868039393872153, 0.04868083723060779, 0.04756895745675549]
statistical_parity_test : [0.047233987934796606, 0.07524472225498291, 0.061833688699360345, 0.09583660644147673, 0.10846189808321649]
end
