dataset : data/german_credit_binary.csv
label_name : Risk == good
sensitive_group : Sex == female
time_limit : 3600
lambda_bound : 9
n_folds : 5
nb_samples : 1000
nb_features : 33
optimality_gap : [0.33712010043578217, 0.2778690097851725, 0.31065562394180624, 0.31713609945809496, 0.30408289576240044]
execution_time : [3600.0018558502197, 3600.0015420913696, 3600.0014309883118, 3600.0068418979645, 3600.001471042633]
objective_function : [0.24890000000000026, 0.22785000000000005, 0.23775000000000002, 0.2204500000000002, 0.22815000000000002]
sparsity : [14, 16, 15, 17, 19]
accuracy_train : [0.7525, 0.77375, 0.76375, 0.78125, 0.77375]
accuracy_test : [0.7, 0.7, 0.67, 0.675, 0.705]
statistical_parity_train : [0.028240571547319626, 0.022252348778052378, 0.02893218372971007, 0.009708092293370663, 0.02092099111734458]
statistical_parity_test : [0.013220382492619698, 0.001887014978181445, 0.03220738413197166, 0.03950173942318491, 0.13744740532959332]
end
