dataset : data/german_credit_binary.csv
label_name : Risk == good
sensitive_group : Sex == female
time_limit : 3600
lambda_bound : 9
n_folds : 5
nb_samples : 1000
nb_features : 33
optimality_gap : [0.36725398668208836, 0.34036738209704837, 0.3155671264924659, 0.3422569393801376, 0.35925995362639945]
execution_time : [3600.002794981003, 3600.0017330646515, 3600.004183769226, 3600.0033860206604, 3600.0056850910187]
objective_function : [0.25370000000000004, 0.23815000000000006, 0.23085000000000022, 0.23505000000000004, 0.23930000000000007]
sparsity : [12, 19, 21, 13, 18]
accuracy_train : [0.7475, 0.76375, 0.77125, 0.76625, 0.7625]
accuracy_test : [0.73, 0.72, 0.66, 0.715, 0.725]
statistical_parity_train : [0.004922931401423081, 0.015765421030765503, 0.016667774896380494, 0.005895782077709022, 0.018525011687704485]
statistical_parity_test : [0.15517905275317678, 0.043873098242717234, 0.017394231848277375, 0.016833127595107134, 0.049555867227676464]
end
