dataset : data/german_credit_binary.csv
label_name : Risk == good
sensitive_group : Sex == female
time_limit : 3600
lambda_bound : 9
n_folds : 5
nb_samples : 1000
nb_features : 33
optimality_gap : [0.3685826040868373, 0.31697112038322156, 0.33324213815733145, 0.36371584798196777, 0.31641579673863385]
execution_time : [3600.005646944046, 3600.0031480789185, 3600.003473997116, 3600.0027968883514, 3600.0046439170837]
objective_function : [0.2569000000000001, 0.24295000000000003, 0.24680000000000027, 0.23815000000000008, 0.23565000000000003]
sparsity : [19, 16, 18, 19, 19]
accuracy_train : [0.745, 0.75875, 0.755, 0.76375, 0.76625]
accuracy_test : [0.705, 0.725, 0.725, 0.695, 0.725]
statistical_parity_train : [0.009021791316436323, 0.007733292516709289, 0.001780555740260481, 0.005674136134938057, 0.009700794763908394]
statistical_parity_test : [0.057758952637658845, 0.04446279042339907, 0.01279317697228144, 0.06508809336774768, 0.11734455352968676]
end
