dataset : data/adult_binary.csv
label_name : income > 50K
sensitive_group : race == Black
time_limit : 3600
lambda_bound : 9
n_folds : 5
nb_samples : 30162
nb_features : 82
optimality_gap : [0.9528381336816151, 0.9478360188010378, 0.956170312825885, 0.962223929003649, 0.9470292319041691]
execution_time : [3600.0901029109955, 3600.078639984131, 3600.0880930423737, 3600.0962460041046, 3600.144497871399]
objective_function : [0.24692279000372763, 0.24114468067470485, 0.23694985495234405, 0.25101533360961775, 0.23757148777455708]
sparsity : [0, 2, 2, 0, 2]
accuracy_train : [0.75307720999627, 0.7788553193252932, 0.7830501450476585, 0.7489846663903854, 0.7824285122254455]
accuracy_test : [0.7430797281617769, 0.7831924415713575, 0.7798408488063661, 0.759449602122016, 0.771054376657825]
statistical_parity_train : [0.0, 0.05078072935921275, 0.0542010512096143, 0.0, 0.05560421083113217]
statistical_parity_test : [0.0, 0.0438536767111681, 0.07798671806041355, 0.0, 0.04934035389665523]
end
