dataset : data/adult_binary.csv
label_name : income > 50K
sensitive_group : race == Black
time_limit : 3600
lambda_bound : 9
n_folds : 5
nb_samples : 30162
nb_features : 82
optimality_gap : [0.9666835760205778, 0.9639539950648002, 0.9620018631815542, 0.9694785550483429, 0.9659860921523596]
execution_time : [3600.7683939933777, 3601.423017024994, 3601.5629551410675, 3600.090358018875, 3600.584146976471]
objective_function : [0.24692279000372763, 0.25048696589166325, 0.23694985495234405, 0.25101533360961775, 0.24699544135930684]
sparsity : [0, 0, 2, 0, 0]
accuracy_train : [0.75307720999627, 0.7495130341083344, 0.7830501450476585, 0.7489846663903854, 0.7530045586406963]
accuracy_test : [0.7430797281617769, 0.757334659373446, 0.7798408488063661, 0.759449602122016, 0.743368700265252]
statistical_parity_train : [0.0, 0.0, 0.0542010512096143, 0.0, 0.0]
statistical_parity_test : [0.0, 0.0, 0.07798671806041355, 0.0, 0.0]
end
