dataset : data/adult_binary.csv
label_name : income > 50K
sensitive_group : race == Black
time_limit : 3600
lambda_bound : 9
n_folds : 5
nb_samples : 30162
nb_features : 82
optimality_gap : [0.9345833131438037, 0.9355593290569418, 0.9364185326372427, 0.936844154286592, 0.9373872925164788]
execution_time : [3600.182056903839, 3600.3911299705505, 3600.0698730945587, 3600.0946679115295, 3600.0117712020874]
objective_function : [0.24692279000372763, 0.25048696589166325, 0.2491918773311262, 0.25101533360961775, 0.24699544135930684]
sparsity : [0, 0, 0, 0, 0]
accuracy_train : [0.75307720999627, 0.7495130341083344, 0.7508081226688769, 0.7489846663903854, 0.7530045586406963]
accuracy_test : [0.7430797281617769, 0.757334659373446, 0.7521551724137931, 0.759449602122016, 0.743368700265252]
statistical_parity_train : [0.0, 0.0, 0.0, 0.0, 0.0]
statistical_parity_test : [0.0, 0.0, 0.0, 0.0, 0.0]
end
