dataset : data/adult_binary.csv
label_name : income > 50K
sensitive_group : race == Black
time_limit : 3600
lambda_bound : 9
n_folds : 5
nb_samples : 30162
nb_features : 82
optimality_gap : [0.925811350738054, 0.9258124936605858, 0.9279127506282452, 0.925619241895366, 0.9263819000150316]
execution_time : [3600.361384153366, 3600.387230157852, 3600.0063869953156, 3600.02592086792, 3600.014020204544]
objective_function : [0.24692279000372763, 0.25048696589166325, 0.24919187733112622, 0.25101533360961775, 0.24699544135930684]
sparsity : [0, 0, 0, 0, 0]
accuracy_train : [0.75307720999627, 0.7495130341083344, 0.7508081226688769, 0.7489846663903854, 0.7530045586406963]
accuracy_test : [0.7430797281617769, 0.757334659373446, 0.7521551724137931, 0.759449602122016, 0.743368700265252]
statistical_parity_train : [0.0, 0.0, 0.0, 0.0, 0.0]
statistical_parity_test : [0.0, 0.0, 0.0, 0.0, 0.0]
end
