dataset : data/german_credit_binary.csv
label_name : Risk == good
sensitive_group : Sex == female
time_limit : 3600
lambda_bound : 9
n_folds : 5
nb_samples : 1000
nb_features : 33
optimality_gap : [0.2047591542928305, 0.22806499132531305, 0.20069276913176404, 0.2010129155330464, 0.1961377213695513]
execution_time : [3600.0058920383453, 3600.0013930797577, 3600.00386095047, 3600.0036170482635, 3600.0091841220856]
objective_function : [0.31375000000000014, 0.3212500000000001, 0.32000000000000006, 0.2937500000000009, 0.29125000000000006]
sparsity : [3, 2, 1, 3, 3]
accuracy_train : [0.71625, 0.69875, 0.69, 0.73625, 0.73875]
accuracy_test : [0.715, 0.745, 0.675, 0.7, 0.69]
statistical_parity_train : [0.07006757386188556, 0.016844146094359247, 0.04333178181173403, 0.052264113305405924, 0.05598410472183257]
statistical_parity_test : [0.007444487228853824, 0.0354994692770374, 0.03793064751430819, 0.008416563797553622, 0.005843852267414684]
end
