dataset : data/adult_binary.csv
label_name : income > 50K
sensitive_group : race == Black
time_limit : 3600
lambda_bound : 9
n_folds : 5
nb_samples : 30162
nb_features : 82
optimality_gap : [0.8457447819558976, 0.8227492486968285, 0.8221450381303569, 0.8227000695258525, 0.826772565377117]
execution_time : [3600.420977830887, 3600.398963212967, 3600.0113158226013, 3600.241408109665, 3600.3282539844513]
objective_function : [0.18790264826557115, 0.18620344813295067, 0.19284666390385624, 0.1947115623704953, 0.19024119353501995]
sparsity : [7, 7, 3, 3, 4]
accuracy_train : [0.8190973517344274, 0.8207965518670479, 0.8101533360961459, 0.8082884376295069, 0.8137588064649813]
accuracy_test : [0.8189955246146196, 0.8291065804740594, 0.8033819628647215, 0.810842175066313, 0.8070291777188329]
statistical_parity_train : [0.10236402501831968, 0.13423824246537464, 0.1015766678183157, 0.10582492239467847, 0.10739554100489522]
statistical_parity_test : [0.11235337534461842, 0.12834871876341616, 0.11161324127471582, 0.09479724410729505, 0.09731455792283936]
end
