dataset : data/adult_binary.csv
label_name : income > 50K
sensitive_group : race == Black
time_limit : 3600
lambda_bound : 9
n_folds : 5
nb_samples : 30162
nb_features : 82
optimality_gap : [0.9737832809093372, 0.9474475323634719, 0.9379196061097664, 0.9459996362878788, 0.9451050769740051]
execution_time : [3600.002645969391, 3600.224308013916, 3600.090232849121, 3600.0975348949432, 3600.0900390148163]
objective_function : [0.19178768287123232, 0.19393741970243122, 0.19284666390385624, 0.1947115623704953, 0.19317820140903652]
sparsity : [5, 4, 3, 3, 3]
accuracy_train : [0.8132123171287662, 0.8100625802975673, 0.8101533360961459, 0.8082884376295069, 0.8098217985909656]
accuracy_test : [0.8107077739101608, 0.817503729487817, 0.8033819628647215, 0.810842175066313, 0.8047082228116711]
statistical_parity_train : [0.09807723065632815, 0.11407342148227304, 0.1015766678183157, 0.10582492239467847, 0.10447287705071123]
statistical_parity_test : [0.10199186517539724, 0.10747105893745024, 0.11161324127471582, 0.09479724410729505, 0.10052564850623642]
end
