dataset : data/adult_binary.csv
label_name : income > 50K
sensitive_group : race == Black
time_limit : 3600
lambda_bound : 9
n_folds : 5
nb_samples : 30162
nb_features : 82
optimality_gap : [0.9508249848126203, 0.948472871078983, 0.9740554757524816, 0.973330067727586, 0.9491026833442526]
execution_time : [3600.155911922455, 3600.389300107956, 3600.153650045395, 3600.221004009247, 3600.390977859497]
objective_function : [0.19137859007832753, 0.19625293215632483, 0.19284666390385624, 0.1947115623704953, 0.19317820140903652]
sparsity : [6, 3, 3, 3, 3]
accuracy_train : [0.814621409921671, 0.8067470678436736, 0.8101533360961459, 0.8082884376295069, 0.8098217985909656]
accuracy_test : [0.8120338140228742, 0.8170064644455495, 0.8033819628647215, 0.810842175066313, 0.8047082228116711]
statistical_parity_train : [0.1121281989607294, 0.10451626905229161, 0.1015766678183157, 0.10582492239467847, 0.10447287705071123]
statistical_parity_test : [0.12254434556502923, 0.10015092284211544, 0.11161324127471582, 0.09479724410729505, 0.10052564850623642]
end
