dataset : data/adult_binary.csv
label_name : income > 50K
sensitive_group : race == Black
time_limit : 3600
lambda_bound : 9
n_folds : 5
nb_samples : 30162
nb_features : 82
optimality_gap : [0.9494930326516794, 0.9465065051285669, 0.9412163819747849, 0.9474600829030244, 0.9439089522190729]
execution_time : [3600.0671861171722, 3600.0863490104675, 3600.1757950782776, 3600.0929770469666, 3600.0777459144592]
objective_function : [0.19401496124994666, 0.19625293215632483, 0.19284666390385624, 0.1947115623704953, 0.19317820140903652]
sparsity : [3, 3, 3, 3, 3]
accuracy_train : [0.8089850387500518, 0.8067470678436736, 0.8101533360961459, 0.8082884376295069, 0.8098217985909656]
accuracy_test : [0.808055693684734, 0.8170064644455495, 0.8033819628647215, 0.810842175066313, 0.8047082228116711]
statistical_parity_train : [0.10176579422243769, 0.10451626905229161, 0.1015766678183157, 0.10582492239467847, 0.10447287705071123]
statistical_parity_test : [0.11189388410602198, 0.10015092284211544, 0.11161324127471582, 0.09479724410729505, 0.10052564850623642]
end
