dataset : data/adult_binary.csv
label_name : income > 50K
sensitive_group : race == Black
time_limit : 3600
lambda_bound : 9
n_folds : 5
nb_samples : 30162
nb_features : 82
optimality_gap : [0.9464133374029721, 0.9459985784143881, 0.9305053223205986, 0.9729640364616002, 0.945959704912295]
execution_time : [3600.097806930542, 3600.075169801712, 3600.08828997612, 3600.052968978882, 3600.289258003235]
objective_function : [0.18998686228190015, 0.19625293215632483, 0.19284666390385624, 0.19207542478243053, 0.19061956071280767]
sparsity : [17, 3, 3, 6, 5]
accuracy_train : [0.8270131377180986, 0.8067470678436736, 0.8101533360961459, 0.8139245752175714, 0.8143804392871944]
accuracy_test : [0.8272832753190784, 0.8170064644455495, 0.8033819628647215, 0.8148209549071618, 0.8070291777188329]
statistical_parity_train : [0.10251487192164484, 0.10451626905229161, 0.1015766678183157, 0.11297439341146659, 0.10683620959852129]
statistical_parity_test : [0.11690409924182218, 0.10015092284211544, 0.11161324127471582, 0.10001366235760245, 0.09777419713159598]
end
