dataset : data/adult_binary.csv
label_name : income > 50K
sensitive_group : race == Black
time_limit : 3600
lambda_bound : 9
n_folds : 5
nb_samples : 30162
nb_features : 82
optimality_gap : [0.954343512606672, 0.9447905632658048, 0.9455810664512998, 0.9535964468595853, 0.9506827478838229]
execution_time : [3600.2223291397095, 3600.3439519405365, 3600.0575659275055, 3600.0720059871674, 3600.153053998947]
objective_function : [0.20601898130879692, 0.19608313647477993, 0.18975466224616858, 0.21287940323249308, 0.19752051388313513]
sparsity : [8, 10, 6, 6, 9]
accuracy_train : [0.8019810186912014, 0.8139168635252186, 0.8162453377538335, 0.7931205967675093, 0.8114794861168669]
accuracy_test : [0.7959555776562242, 0.8214818498259573, 0.8088527851458885, 0.7989058355437666, 0.8007294429708223]
statistical_parity_train : [0.07526828742373357, 0.09821121045084216, 0.09727154467412812, 0.06884764016471334, 0.02417469081504664]
statistical_parity_test : [0.07266002964771417, 0.09696036100441233, 0.10705346887011444, 0.06232897655929789, 0.02038755245951665]
end
