dataset : data/adult_binary.csv
label_name : income > 50K
sensitive_group : race == Black
time_limit : 3600
lambda_bound : 9
n_folds : 5
nb_samples : 30162
nb_features : 82
optimality_gap : [0.9375931782322606, 0.9427268008674631, 0.9343955088853182, 0.9473972158568371, 0.9415535821503707]
execution_time : [3600.0127930641174, 3600.189481973648, 3600.01393699646, 3600.135267972946, 3600.080404996872]
objective_function : [0.2307716855236418, 0.22702569522151575, 0.2115602983837569, 0.24051388313303207, 0.23465271446332642]
sparsity : [10, 7, 15, 20, 9]
accuracy_train : [0.7792283144763562, 0.7799743047784823, 0.8034397016162453, 0.7794861168669706, 0.7743472855366763]
accuracy_test : [0.7744074258246312, 0.7871705619094977, 0.791445623342175, 0.7916114058355438, 0.7644230769230769]
statistical_parity_train : [0.02948450334391627, 0.02775416390013384, 0.09284115729815642, 0.03974750712701933, 0.032415698344072263]
statistical_parity_test : [0.05794836989355407, 0.03698555263670526, 0.08200013618895355, 0.031664140214824305, 0.03486299559640102]
end
