dataset : data/adult_binary.csv
label_name : income > 50K
sensitive_group : race == Black
time_limit : 3600
lambda_bound : 9
n_folds : 5
nb_samples : 30162
nb_features : 82
optimality_gap : [0.9454449946595125, 0.9351489273515612, 0.935669023771112, 0.9262730802450623, 0.9281575223491557]
execution_time : [3600.0082399845123, 3600.0082778930664, 3600.00790309906, 3600.065367937088, 3600.1579949855804]
objective_function : [0.26350835094699093, 0.25441075054912954, 0.2568188976377984, 0.21934438458350852, 0.21312971404890405]
sparsity : [17, 13, 8, 6, 14]
accuracy_train : [0.7534916490530068, 0.7585892494508683, 0.7511811023622047, 0.786655615416494, 0.8008702859510982]
accuracy_test : [0.7430797281617769, 0.7669484501906183, 0.7524867374005305, 0.7911140583554377, 0.7977453580901857]
statistical_parity_train : [0.0029180590906516136, 0.0008268637848130988, 0.004010695187165776, 0.0006109090909090925, 0.09377833997225771]
statistical_parity_test : [0.008960942209051597, 0.0025324020750945152, 0.0034904013961605585, 0.006030304410339152, 0.07626180538620544]
end
