dataset : data/adult_binary.csv
label_name : income > 50K
sensitive_group : race == Black
time_limit : 3600
lambda_bound : 9
n_folds : 5
nb_samples : 30162
nb_features : 82
optimality_gap : [0.9322998061032294, 0.9320646355384683, 0.9432647610339611, 0.9446089524509587, 0.9433223407059503]
execution_time : [3600.1293869018555, 3600.2142431735992, 3600.134313106537, 3600.0759630203247, 3600.0162510871887]
objective_function : [0.24979845828670666, 0.24548829209664494, 0.29819187733112623, 0.2765234148363065, 0.2568765022793234]
sparsity : [3, 3, 49, 27, 11]
accuracy_train : [0.753201541713291, 0.7575117079033528, 0.7508081226688769, 0.7504765851636966, 0.7541234977206797]
accuracy_test : [0.7430797281617769, 0.7598209845847836, 0.7519893899204244, 0.7607758620689655, 0.7441976127320955]
statistical_parity_train : [0.00013737521751076105, 0.01976858604269626, 0.0, 0.008018954703832753, 0.001016223625499442]
statistical_parity_test : [0.0, 0.00954804471703858, 0.00018318373328448433, 0.008116741592770661, 0.0010092910958947835]
end
