dataset : data/adult_binary.csv
label_name : income > 50K
sensitive_group : race == Black
time_limit : 3600
lambda_bound : 9
n_folds : 5
nb_samples : 30162
nb_features : 82
optimality_gap : [0.9287372285352932, 0.9432514487366186, 0.9375537825242067, 0.9381582333606769, 0.9503774161053954]
execution_time : [3600.01069688797, 3600.20743393898, 3600.7130868434906, 3600.012284040451, 3600.2803378105164]
objective_function : [0.25088134609805396, 0.27836263417464224, 0.2930675507666836, 0.26493244923332265, 0.30495399917115934]
sparsity : [4, 27, 44, 14, 58]
accuracy_train : [0.7531186539019438, 0.7496373658253553, 0.7509324492333195, 0.7490675507666805, 0.7530460008288438]
accuracy_test : [0.7430797281617769, 0.757334659373446, 0.7521551724137931, 0.759449602122016, 0.7435344827586207]
statistical_parity_train : [0.00043649061545176777, 0.00026472883686683184, 0.00013707392853879192, 0.0007954893886601204, 4.568922191255083e-05]
statistical_parity_test : [0.0, 0.0, 0.0, 0.0, 0.0005496518871381459]
end
