dataset : data/german_credit_binary.csv
label_name : Risk == good
sensitive_group : Sex == female
time_limit : 3600
lambda_bound : 9
n_folds : 5
nb_samples : 1000
nb_features : 33
optimality_gap : [0.19849912521705143, 0.269619163773105, 0.2111391786699162, 0.2018090109265269, 0.2765693489972552]
execution_time : [3600.0015258789062, 3600.003520965576, 3600.0014531612396, 3600.002174139023, 3600.0041887760162]
objective_function : [0.31000000000000005, 0.3412500000000002, 0.3162500000000001, 0.30125000000000046, 0.32875000000000054]
sparsity : [1, 5, 4, 3, 4]
accuracy_train : [0.7, 0.70875, 0.72375, 0.72875, 0.71125]
accuracy_test : [0.68, 0.69, 0.69, 0.72, 0.665]
statistical_parity_train : [0.02868485356607975, 0.06457044147552093, 0.017170172366661518, 0.050535274951792, 0.0890603085553997]
statistical_parity_test : [0.052496470286227725, 0.17077485552541571, 0.0135787229267198, 0.04410279429918085, 0.016362786348761094]
end
