dataset : data/adult_binary.csv
label_name : income > 50K
sensitive_group : race == Black
time_limit : 3600
lambda_bound : 9
n_folds : 5
nb_samples : 30162
nb_features : 82
optimality_gap : [0.7916987930264026, 0.8016040083598429, 0.7666055583190913, 0.8028665104770798, 0.7906156051728714]
execution_time : [3600.052234172821, 3600.0089569091797, 3600.037081003189, 3600.06130695343, 3600.0339810848236]
objective_function : [0.17877804301877273, 0.16956305690248125, 0.17196431827600606, 0.17679324492333295, 0.17512382925818604]
sparsity : [26, 30, 23, 17, 26]
accuracy_train : [0.823821956981226, 0.8334369430975175, 0.8303356817239951, 0.767260671363448, 0.8274761707418151]
accuracy_test : [0.8257914801922758, 0.8302668655726836, 0.8159814323607427, 0.773209549071618, 0.8227785145888594]
statistical_parity_train : [0.1173771195369066, 0.1248431889341139, 0.12088812829012043, 0.01321832119100412, 0.1385194341437735]
statistical_parity_test : [0.13235315440217466, 0.10814624007322972, 0.13960806353694222, 0.019513099598586926, 0.1364879478769137]
end
