dataset : data/adult_binary.csv
label_name : income > 50K
sensitive_group : race == Black
time_limit : 3600
lambda_bound : 9
n_folds : 5
nb_samples : 30162
nb_features : 82
optimality_gap : [0.9137219233200279, 0.9239702040955889, 0.92097947398236, 0.9756421036636433, 0.923901711071112]
execution_time : [3600.0653281211853, 3600.148264169693, 3600.0662899017334, 3600.0088238716125, 3600.1798000335693]
objective_function : [0.17354621824360597, 0.17749408181026843, 0.16868317447161374, 0.1767617074181535, 0.17589411520928483]
sparsity : [23, 43, 25, 20, 25]
accuracy_train : [0.8287537817563927, 0.8268059181897301, 0.8338168255283879, 0.8252382925818483, 0.826605884790717]
accuracy_test : [0.8269517652909001, 0.8310956406431295, 0.8209549071618037, 0.8312334217506632, 0.8179708222811671]
statistical_parity_train : [0.12093662275390121, 0.11024319126382576, 0.13420470162760428, 0.13904217928413048, 0.11024648326922007]
statistical_parity_test : [0.1422520663296834, 0.10102752356041736, 0.15839190896951316, 0.11907655474376573, 0.11379134678118492]
end
