dataset : data/adult_binary.csv
label_name : income > 50K
sensitive_group : race == Black
time_limit : 3600
lambda_bound : 9
n_folds : 5
nb_samples : 30162
nb_features : 82
optimality_gap : [0.9750056480437497, 0.9750146980894505, 0.9771281203869132, 0.9760043529580529, 0.9747529990815311]
execution_time : [3600.0403668880463, 3600.183870077133, 3600.0245518684387, 3600.2105560302734, 3600.4302649497986]
objective_function : [0.1835494384350767, 0.1821395457747924, 0.1812140074595957, 0.17917525901367776, 0.18293746373808722]
sparsity : [36, 19, 37, 22, 36]
accuracy_train : [0.8200505615649218, 0.8197604542252062, 0.8225859925404061, 0.823124740986324, 0.8207625362619146]
accuracy_test : [0.8163434443891928, 0.8226421349245815, 0.8129973474801061, 0.82907824933687, 0.8080238726790451]
statistical_parity_train : [0.1769821337063618, 0.10375003908398182, 0.14255366855605528, 0.14021706683560342, 0.10468736992041214]
statistical_parity_test : [0.17214454330851645, 0.09344355618093342, 0.16569687983434822, 0.12062430468358631, 0.10584852589875425]
end
