dataset : data/adult_binary.csv
label_name : income > 50K
sensitive_group : race == Black
time_limit : 3600
lambda_bound : 9
n_folds : 5
nb_samples : 30162
nb_features : 82
optimality_gap : [0.918087954523834, 0.9246092696546958, 0.9096814566222047, 0.9454748832940335, 0.9066799277865089]
execution_time : [3600.079316854477, 3600.0640811920166, 3600.1610209941864, 3600.012533903122, 3600.131172180176]
objective_function : [0.17361734013013258, 0.17408311575282726, 0.17616709490261265, 0.17167422295897394, 0.169775093244925]
sparsity : [32, 35, 24, 23, 21]
accuracy_train : [0.8295826598698661, 0.8294168842471714, 0.8262329050973891, 0.8306257770410278, 0.8323249067550766]
accuracy_test : [0.8276147853472567, 0.8354052710094481, 0.8163129973474801, 0.8332228116710876, 0.8255968169761273]
statistical_parity_train : [0.11887807320833875, 0.11821209328901977, 0.13669561101171962, 0.13625107380424453, 0.1298630682001162]
statistical_parity_test : [0.1341659181090641, 0.10867012011415667, 0.16058755622989335, 0.10988634219651675, 0.12717578518506223]
end
