dataset : data/adult_binary.csv
label_name : income > 50K
sensitive_group : race == Black
time_limit : 3600
lambda_bound : 9
n_folds : 5
nb_samples : 30162
nb_features : 82
optimality_gap : [0.9137531602584471, 0.9740762905233846, 0.977209360395776, 0.9761007239709888, 0.9227021578985163]
execution_time : [3600.041183948517, 3600.0106630325317, 3600.015121936798, 3600.1231858730316, 3600.263097047806]
objective_function : [0.17127669609183843, 0.1790141406606145, 0.18185996684625133, 0.17989776212184183, 0.16996518856195778]
sparsity : [26, 18, 36, 40, 20]
accuracy_train : [0.8313233039081603, 0.8227858593393842, 0.8218400331537505, 0.8242022378781599, 0.8320348114380439]
accuracy_test : [0.8383888612630532, 0.8282778054036135, 0.8121684350132626, 0.8231100795755968, 0.8280835543766578]
statistical_parity_train : [0.11364864060496425, 0.10752055510902744, 0.10070910306086163, 0.13929588850174215, 0.1315881978893698]
statistical_parity_test : [0.11574346096671986, 0.10024926855376959, 0.10520181060975888, 0.12147657556259636, 0.12845830625505125]
end
