dataset : data/adult_binary.csv
label_name : income > 50K
sensitive_group : race == Black
time_limit : 3600
lambda_bound : 9
n_folds : 5
nb_samples : 30162
nb_features : 82
optimality_gap : [0.924552573559833, 0.9617555945255958, 0.9235207702790384, 0.9594543971095402, 0.9647013747139263]
execution_time : [3600.010097026825, 3600.0100100040436, 3600.5860829353333, 3600.075129032135, 3600.012111902237]
objective_function : [0.18709837539889612, 0.1869938290024437, 0.1814230418566119, 0.18834388727725018, 0.1868447575632013]
sparsity : [23, 29, 26, 25, 28]
accuracy_train : [0.8152016246011025, 0.8159061709975548, 0.82117695814339, 0.8142561127227518, 0.8159552424368006]
accuracy_test : [0.8219791148682247, 0.8141886292060335, 0.8055371352785146, 0.8231100795755968, 0.8071949602122016]
statistical_parity_train : [0.06467952238596428, 0.12745528639209172, 0.06355791467143876, 0.05987730123535001, 0.07358464089279879]
statistical_parity_test : [0.043859146430295065, 0.13321304896292557, 0.039293390328090705, 0.07438828420306168, 0.07424003125546619]
end
