dataset : data/adult_binary.csv
label_name : income > 50K
sensitive_group : race == Black
time_limit : 3600
lambda_bound : 9
n_folds : 5
nb_samples : 30162
nb_features : 82
optimality_gap : [0.9338663137455413, 0.9248716712327959, 0.9371338632372321, 0.9343069960842713, 0.8917497295487989]
execution_time : [3600.011106967926, 3600.007271051407, 3600.0061779022217, 3600.0503470897675, 3600.020609140396]
objective_function : [0.18289275560528684, 0.19066789755066366, 0.18757534189805414, 0.18495283878989002, 0.18780870285951293]
sparsity : [17, 33, 61, 24, 47]
accuracy_train : [0.8188072443947118, 0.8126321024493348, 0.8185246581019477, 0.8174471612101119, 0.816991297140489]
accuracy_test : [0.8171722194596387, 0.8173379744737278, 0.8103448275862069, 0.8196286472148541, 0.8096816976127321]
statistical_parity_train : [0.03520445321965095, 0.08138406955293442, 0.029563580393818345, 0.038033880266075376, 0.026132605358520772]
statistical_parity_test : [0.051343226491551375, 0.09908992391446192, 0.011825740799173395, 0.04753784798350108, 0.02303941533892645]
end
