dataset : data/adult_binary.csv
label_name : income > 50K
sensitive_group : race == Black
time_limit : 3600
lambda_bound : 9
n_folds : 5
nb_samples : 30162
nb_features : 82
optimality_gap : [0.8913486523369704, 0.9222831129208259, 0.9462575641801813, 0.9257394029310895, 0.9289106572190439]
execution_time : [3600.500946998596, 3600.366902112961, 3600.1069300174713, 3600.006225824356, 3600.1135470867157]
objective_function : [0.19159222926768466, 0.1809357992457195, 0.2564918773311262, 0.19190522171570867, 0.18524024036469322]
sparsity : [41, 31, 73, 21, 19]
accuracy_train : [0.8125077707323138, 0.8221642007542791, 0.7508081226688769, 0.8101947782842934, 0.8166597596353088]
accuracy_test : [0.8181667495441737, 0.8276147853472567, 0.7521551724137931, 0.8138262599469496, 0.8081896551724138]
statistical_parity_train : [0.0835704436649877, 0.0027900138740472036, 0.0, 0.09408861577446942, 0.09023814839814465]
statistical_parity_test : [0.08235249847929457, 0.01802090602878126, 0.0, 0.1047590545648539, 0.1034003087243352]
end
