dataset : data/adult_binary.csv
label_name : income > 50K
sensitive_group : race == Black
time_limit : 3600
lambda_bound : 9
n_folds : 5
nb_samples : 30162
nb_features : 82
optimality_gap : [0.8775032664323601, 0.9181476533120679, 0.9212191631610605, 0.9248576989700314, 0.9238210010614566]
execution_time : [3600.009712934494, 3600.3963010311127, 3600.011006116867, 3600.016512155533, 3600.0198838710785]
objective_function : [0.1977205810435559, 0.18543794604003339, 0.1791617074181535, 0.19659809365934733, 0.1861249481972668]
sparsity : [31, 18, 44, 23, 15]
accuracy_train : [0.8053794189564425, 0.8163620539599652, 0.8252382925818483, 0.8058019063406547, 0.8153750518027352]
accuracy_test : [0.8055693684733963, 0.8211503397977788, 0.8106763925729443, 0.8151525198938993, 0.8066976127320955]
statistical_parity_train : [0.06856350534704003, 0.0740706135664026, 0.05502948107540892, 0.07009419068736142, 0.08183371482034307]
statistical_parity_test : [0.07611846933836713, 0.09290643729420686, 0.026230440021393825, 0.055630517803353124, 0.0853358494324094]
end
