dataset : data/adult_binary.csv
label_name : income > 50K
sensitive_group : race == Black
time_limit : 3600
lambda_bound : 9
n_folds : 5
nb_samples : 30162
nb_features : 82
optimality_gap : [0.8792565368484523, 0.9146275662393853, 0.9216856460877021, 0.8771485330295998, 0.9397782275169991]
execution_time : [3600.0413959026337, 3600.0536980628967, 3600.006366968155, 3600.0348510742188, 3600.0962138175964]
objective_function : [0.18672430685067615, 0.18469008247337085, 0.18999792789059458, 0.18906552009946326, 0.2516738085370938]
sparsity : [52, 30, 49, 27, 53]
accuracy_train : [0.8184756931493224, 0.8183099175266277, 0.8150020721094073, 0.8136344799005387, 0.7536261914629092]
accuracy_test : [0.819327034642798, 0.8213160948118681, 0.8033819628647215, 0.8216180371352785, 0.7423740053050398]
statistical_parity_train : [0.0027353318625876755, 0.009645926713395786, 0.08419067659463075, 0.1058424580297751, 0.003955733315983787]
statistical_parity_test : [0.0141541253061261, 0.0019669142330830947, 0.08251739845850728, 0.10374738951381524, 0.008161149506590077]
end
