dataset : data/german_credit_binary.csv
label_name : Risk == good
sensitive_group : Sex == female
time_limit : 3600
lambda_bound : 9
n_folds : 5
nb_samples : 1000
nb_features : 33
optimality_gap : [0.20404283987557972, 0.26143670743353026, 0.16704034632764, 0.2452714000731357, 0.22818502578482844]
execution_time : [3600.0010159015656, 3600.0010089874268, 3600.0008869171143, 3600.003800868988, 3600.0023889541626]
objective_function : [0.3200000000000007, 0.3462500000000013, 0.30750000000000005, 0.3200000000000005, 0.31000000000000005]
sparsity : [4, 5, 1, 4, 5]
accuracy_train : [0.72, 0.70375, 0.7025, 0.72, 0.74]
accuracy_test : [0.715, 0.7, 0.67, 0.69, 0.7]
statistical_parity_train : [0.038459057978803446, 0.04457029570186366, 0.004100449941263795, 0.02354618732037439, 0.03196587190275835]
statistical_parity_test : [0.0017969451931716396, 0.19318315839131983, 0.05016272023341928, 0.01694534844574125, 0.003506311360448766]
end
