dataset : data/german_credit_binary.csv
label_name : Risk == good
sensitive_group : Sex == female
time_limit : 3600
lambda_bound : 9
n_folds : 5
nb_samples : 1000
nb_features : 33
optimality_gap : [0.17826872890667642, 0.3653302426599584, 0.17472010835590548, 0.27219454709529367, 0.29438474296290185]
execution_time : [3600.0010981559753, 3600.003182888031, 3600.0027611255646, 3600.0041840076447, 3600.0012500286102]
objective_function : [0.3100000000000003, 0.4050000000000003, 0.30750000000000005, 0.3262500000000005, 0.3512500000000001]
sparsity : [1, 6, 1, 5, 2]
accuracy_train : [0.7, 0.655, 0.7025, 0.72375, 0.66875]
accuracy_test : [0.68, 0.68, 0.67, 0.685, 0.63]
statistical_parity_train : [0.02868485356607975, 0.010204156006968002, 0.004100449941263795, 0.029094724087742274, 0.04207573632538564]
statistical_parity_test : [0.052496470286227725, 0.09883240948225025, 0.05016272023341928, 0.01279317697228144, 0.04464703132304815]
end
