dataset : data/german_credit_binary.csv
label_name : Risk == good
sensitive_group : Sex == female
time_limit : 3600
lambda_bound : 9
n_folds : 5
nb_samples : 1000
nb_features : 33
optimality_gap : [0.2665500997943064, 0.23068506936252187, 0.24544810522499455, 0.30959846143347836, 0.3046330238217318]
execution_time : [3600.003275156021, 3600.0027899742126, 3600.0017931461334, 3600.0026547908783, 3600.004446029663]
objective_function : [0.35375000000000006, 0.33125000000000054, 0.34750000000000025, 0.35375000000000006, 0.3562500000000005]
sparsity : [7, 6, 6, 6, 4]
accuracy_train : [0.71625, 0.72875, 0.7125, 0.70625, 0.68375]
accuracy_test : [0.72, 0.77, 0.675, 0.68, 0.69]
statistical_parity_train : [0.016596083152395913, 0.003928600062682697, 0.007469468271383284, 0.0008127017901604638, 0.0032725572697521743]
statistical_parity_test : [0.03735078937235281, 0.009906828635452225, 0.005386600830434296, 0.020536415666030705, 0.004441327723235133]
end
