dataset : data/german_credit_binary.csv
label_name : Risk == good
sensitive_group : Sex == female
time_limit : 3600
lambda_bound : 9
n_folds : 5
nb_samples : 1000
nb_features : 33
optimality_gap : [0.23752151891772275, 0.26257447900522907, 0.14594751767290826, 0.1957936141507577, 0.3322539602259155]
execution_time : [3600.0054631233215, 3600.003529071808, 3600.0012509822845, 3600.0033910274506, 3600.0071470737457]
objective_function : [0.3400000000000009, 0.3500000000000005, 0.3075000000000001, 0.3137500000000007, 0.3750000000000002]
sparsity : [5, 3, 1, 4, 4]
accuracy_train : [0.71, 0.68, 0.7025, 0.72625, 0.665]
accuracy_test : [0.705, 0.715, 0.67, 0.69, 0.635]
statistical_parity_train : [0.007445306733738888, 0.04269710420629891, 0.004100449941263795, 0.005674136134938057, 0.02168069191210853]
statistical_parity_test : [0.1031959953792837, 0.0326689468097654, 0.05016272023341928, 0.03512512624845687, 0.061711079943899017]
end
