dataset : data/synthetic.csv
labels_name : ['L1', 'L2', 'L3']
s : 1.0
ba : 1.0
sensitive_groups : []
sensitive_labels : []
time_limit : 3600
lambda_bound : 9
n_folds : 5
nb_samples : 300
nb_features : 7
nb_labels : 3
optimality_gap : [0.0, 9.153595622256509e-05, 1.4236359617179465e-05, 9.200045503614025e-05, 0.0]
execution_time : [14.818170070648193, 71.0125470161438, 54.61846995353699, 30.367069959640503, 18.89233899116516]
objective_function : [0.33799916556281473, 0.32789017906012974, 0.34206283142187693, 0.3551195659686226, 0.3466182891182891]
sparsity : [3, 3, 3, 3, 3]
accuracy_train : [0.6541666666666667, 0.6666666666666666, 0.6208333333333333, 0.6458333333333334, 0.625]
balanced_accuracy_train : [0.6661675011038519, 0.6762764876065369, 0.6621038352447898, 0.649047100698044, 0.6575483775483776]
accuracy_test : [0.5833333333333334, 0.5333333333333333, 0.5166666666666667, 0.65, 0.5666666666666667]
balanced_accuracy_test : [0.597955486542443, 0.5623931623931624, 0.574980574980575, 0.6246031746031746, 0.5988888888888889]
end
