dataset : data/synthetic.csv
labels_name : ['L1', 'L2', 'L3']
s : 2.0
ba : 1.0
sensitive_groups : []
sensitive_labels : []
time_limit : 3600
lambda_bound : 9
n_folds : 5
nb_samples : 300
nb_features : 7
nb_labels : 3
optimality_gap : [0.0, 0.0, 0.0, 0.0, 0.0]
execution_time : [2.632101058959961, 3.7188310623168945, 2.5754120349884033, 1.3546719551086426, 1.4926609992980957]
objective_function : [0.08491623822246169, 0.09002383084895399, 0.09010821309655936, 0.08454252770290506, 0.06730204980204979]
sparsity : [6, 6, 6, 6, 6]
accuracy_train : [0.925, 0.9166666666666666, 0.9166666666666666, 0.9208333333333333, 0.9375]
balanced_accuracy_train : [0.9229541321479086, 0.9179742534422336, 0.9140584535701072, 0.9232871426267654, 0.9405276205276204]
accuracy_test : [0.9, 0.95, 0.95, 0.9166666666666666, 0.85]
balanced_accuracy_test : [0.9075224292615597, 0.9388888888888888, 0.9615384615384616, 0.9198412698412698, 0.8455555555555555]
end
