dataset : data/wine.csv
labels_name : ['quality == LOW', 'quality == MED', 'quality == HIGH']
s : 1.0
ba : 1.0
sensitive_groups : []
sensitive_labels : []
time_limit : 3600
lambda_bound : 9
n_folds : 5
nb_samples : 796
nb_features : 24
nb_labels : 3
optimality_gap : [0.2469257602853532, 0.3107094942492726, 0.23108751029945998, 0.26450588845209394, 0.2757740825063429]
execution_time : [3600.004835128784, 3600.002713918686, 3600.003816843033, 3600.005482196808, 3600.0029740333557]
objective_function : [0.408217747929277, 0.4142533672680562, 0.4088497297791105, 0.41021941195721134, 0.4083350878514358]
sparsity : [3, 3, 3, 3, 3]
accuracy_train : [0.5707547169811321, 0.565149136577708, 0.5698587127158555, 0.5698587127158555, 0.6106750392464678]
balanced_accuracy_train : [0.593354579114748, 0.5873164914446596, 0.5927201289336054, 0.5913504467555043, 0.59323477086128]
accuracy_test : [0.575, 0.5974842767295597, 0.5786163522012578, 0.5786163522012578, 0.5031446540880503]
balanced_accuracy_test : [0.5830459770114942, 0.6059611992945326, 0.5847163982757203, 0.5771289868880722, 0.5426900584795321]
end
