dataset : data/wine.csv
labels_name : ['quality == LOW', 'quality == MED', 'quality == HIGH']
s : 2.0
ba : 1.0
sensitive_groups : []
sensitive_labels : []
time_limit : 3600
lambda_bound : 9
n_folds : 5
nb_samples : 796
nb_features : 24
nb_labels : 3
optimality_gap : [0.4706236158333726, 0.45106845007277024, 0.44212152444496333, 0.4588828973216233, 0.4955066766405752]
execution_time : [3600.001074075699, 3600.000863790512, 3600.001338005066, 3600.0010328292847, 3600.0084018707275]
objective_function : [0.3859679078549417, 0.37479961653177596, 0.3648965140737716, 0.38822229923118434, 0.3974418267288255]
sparsity : [6, 6, 6, 6, 5]
accuracy_train : [0.5911949685534591, 0.6389324960753532, 0.6279434850863422, 0.5808477237048666, 0.6436420722135008]
balanced_accuracy_train : [0.6156044191890834, 0.6267702421809398, 0.6389801497139156, 0.6133475594815313, 0.6038663888651045]
accuracy_test : [0.64375, 0.610062893081761, 0.5723270440251572, 0.5471698113207547, 0.5911949685534591]
balanced_accuracy_test : [0.6480523627075351, 0.5904174015285126, 0.5756310417327366, 0.5776885501262798, 0.5880604288499026]
end
