dataset : data/wine.csv
labels_name : ['quality == LOW', 'quality == MED', 'quality == HIGH']
s : 3.0
ba : 1.0
sensitive_groups : []
sensitive_labels : []
time_limit : 3600
lambda_bound : 9
n_folds : 5
nb_samples : 796
nb_features : 24
nb_labels : 3
optimality_gap : [0.5826895034536737, 0.6057773327623118, 0.5327786855455998, 0.5533638922723985, 0.5370398128781562]
execution_time : [3600.0025370121, 3600.0027379989624, 3600.000916004181, 3600.000941991806, 3600.0009949207306]
objective_function : [0.38418231389227075, 0.3772248129999495, 0.34002884601701466, 0.3651066176942641, 0.3327958959495416]
sparsity : [9, 9, 9, 9, 9]
accuracy_train : [0.5849056603773585, 0.6514913657770801, 0.6483516483516484, 0.609105180533752, 0.6703296703296703]
balanced_accuracy_train : [0.6173900131517542, 0.6256730669611063, 0.6615410126957012, 0.6364632410184515, 0.6687739627631742]
accuracy_test : [0.63125, 0.5849056603773585, 0.610062893081761, 0.5849056603773585, 0.559748427672956]
balanced_accuracy_test : [0.6303001277139209, 0.5351440329218107, 0.6250161504398792, 0.6184610498616215, 0.612719298245614]
end
