dataset : data/wine.csv
labels_name : ['quality == LOW', 'quality == MED', 'quality == HIGH']
s : 4.0
ba : 1.0
sensitive_groups : []
sensitive_labels : []
time_limit : 3600
lambda_bound : 9
n_folds : 5
nb_samples : 796
nb_features : 24
nb_labels : 3
optimality_gap : [0.6091098701491087, 0.6225563854191825, 0.6114381748744646, 0.5993851164836568, 0.6158923560195352]
execution_time : [3600.0273020267487, 3600.0030012130737, 3600.002086162567, 3600.003380060196, 3600.0011179447174]
objective_function : [0.3599538876356793, 0.3420557058316052, 0.35242554023189065, 0.3377725454834663, 0.3267665480703547]
sparsity : [12, 12, 12, 12, 11]
accuracy_train : [0.6084905660377359, 0.7017268445839875, 0.6342229199372057, 0.6389324960753532, 0.673469387755102]
balanced_accuracy_train : [0.6416184394083457, 0.6595141528811106, 0.6491443184808252, 0.6663657222889073, 0.6746724890829694]
accuracy_test : [0.625, 0.6289308176100629, 0.5786163522012578, 0.5974842767295597, 0.5723270440251572]
balanced_accuracy_test : [0.6265644955300127, 0.5791240446796002, 0.5907419805724891, 0.6094551063926318, 0.6094054580896686]
end
