dataset : data/wine.csv
labels_name : ['quality == LOW', 'quality == MED', 'quality == HIGH']
s : 5.0
ba : 1.0
sensitive_groups : []
sensitive_labels : []
time_limit : 3600
lambda_bound : 9
n_folds : 5
nb_samples : 796
nb_features : 24
nb_labels : 3
optimality_gap : [0.6016638227407255, 0.6565836373139531, 0.5994259552520108, 0.6424220273828307, 0.6495536570933974]
execution_time : [3600.0045931339264, 3600.0045099258423, 3600.004000902176, 3600.0011401176453, 3600.001051902771]
objective_function : [0.3237204302715704, 0.3517394657908589, 0.3185471059457098, 0.3596618131744103, 0.35423513637157167]
sparsity : [15, 15, 15, 14, 15]
accuracy_train : [0.6430817610062893, 0.6326530612244898, 0.6624803767660911, 0.6153846153846154, 0.6153846153846154]
balanced_accuracy_train : [0.6778518967724546, 0.6511584141701968, 0.683022752767006, 0.641803388290791, 0.6484240469598804]
accuracy_test : [0.66875, 0.6226415094339622, 0.559748427672956, 0.5974842767295597, 0.5471698113207547]
balanced_accuracy_test : [0.6907088122605364, 0.6171840094062316, 0.5806641060878349, 0.6006155195620283, 0.6245126705653021]
end
