dataset : data/wine.csv
labels_name : ['quality == LOW', 'quality == MED', 'quality == HIGH']
s : 6.0
ba : 1.0
sensitive_groups : []
sensitive_labels : []
time_limit : 3600
lambda_bound : 9
n_folds : 5
nb_samples : 796
nb_features : 24
nb_labels : 3
optimality_gap : [0.6415533172209118, 0.6017731669059282, 0.5802920658802758, 0.6089520043944491, 0.6237297206746155]
execution_time : [3600.0052649974823, 3600.0042390823364, 3600.001072883606, 3600.001086950302, 3600.001065015793]
objective_function : [0.3531068054980117, 0.30554508347288584, 0.30718511074816635, 0.33733088359547825, 0.3327958959495415]
sparsity : [15, 18, 18, 17, 18]
accuracy_train : [0.6242138364779874, 0.6750392464678179, 0.706436420722135, 0.6562009419152276, 0.6452119309262166]
balanced_accuracy_train : [0.6482034670386758, 0.69602477523983, 0.6943847479645493, 0.6641517607443088, 0.6687739627631742]
accuracy_test : [0.64375, 0.5911949685534591, 0.6289308176100629, 0.6415094339622641, 0.5471698113207547]
balanced_accuracy_test : [0.63955938697318, 0.5756554967666079, 0.6072565394599293, 0.6389909713715348, 0.6208576998050682]
end
