dataset : data/wine.csv
labels_name : ['quality == LOW', 'quality == MED', 'quality == HIGH']
s : 7.0
ba : 1.0
sensitive_groups : []
sensitive_labels : []
time_limit : 3600
lambda_bound : 9
n_folds : 5
nb_samples : 796
nb_features : 24
nb_labels : 3
optimality_gap : [0.6433754208732565, 0.5806006012753762, 0.5946721902491798, 0.6064401815709831, 0.5643815046126468]
execution_time : [3600.0225789546967, 3600.0062460899353, 3600.005042076111, 3600.010605096817, 3600.0033791065216]
objective_function : [0.36160139233778504, 0.29180014994421277, 0.3153975958045623, 0.32810883914392047, 0.2758791814842182]
sparsity : [21, 20, 21, 20, 18]
accuracy_train : [0.639937106918239, 0.6970172684458399, 0.7252747252747253, 0.6656200941915228, 0.6875981161695447]
balanced_accuracy_train : [0.6411164100785195, 0.7096949535917069, 0.6861722629081535, 0.6733862643919992, 0.7254664116981097]
accuracy_test : [0.60625, 0.6226415094339622, 0.6477987421383647, 0.660377358490566, 0.5534591194968553]
balanced_accuracy_test : [0.5990421455938697, 0.6063021751910641, 0.6313764873086907, 0.6265217851579632, 0.6279239766081871]
end
