dataset : data/wine.csv
labels_name : ['quality == LOW', 'quality == MED', 'quality == HIGH']
s : 8.0
ba : 1.0
sensitive_groups : []
sensitive_labels : []
time_limit : 3600
lambda_bound : 9
n_folds : 5
nb_samples : 796
nb_features : 24
nb_labels : 3
optimality_gap : [0.5939581694775032, 0.6169773625822761, 0.5788757028786926, 0.5440441919358373, 0.6064487999950825]
execution_time : [3600.004307985306, 3600.003142118454, 3600.004117012024, 3600.0036039352417, 3600.0040719509125]
objective_function : [0.31186367433219003, 0.31531202311455164, 0.2927172980641498, 0.29706673829946834, 0.30690421953127917]
sparsity : [23, 22, 21, 24, 24]
accuracy_train : [0.6352201257861635, 0.6970172684458399, 0.717425431711146, 0.6718995290423861, 0.7048665620094191]
balanced_accuracy_train : [0.6896431390850006, 0.6861270140387713, 0.7086563283094766, 0.7045031204132476, 0.6946656391814368]
accuracy_test : [0.66875, 0.5911949685534591, 0.610062893081761, 0.6415094339622641, 0.5723270440251572]
balanced_accuracy_test : [0.7036717752234992, 0.554838330393886, 0.5710854270176303, 0.6142794489058271, 0.6118421052631579]
end
