dataset : data/wine.csv
labels_name : ['quality == LOW', 'quality == MED', 'quality == HIGH']
s : 9.0
ba : 1.0
sensitive_groups : []
sensitive_labels : []
time_limit : 3600
lambda_bound : 9
n_folds : 5
nb_samples : 796
nb_features : 24
nb_labels : 3
optimality_gap : [0.6287464018863476, 0.5862906132717318, 0.5504189916375833, 0.5688592700724633, 0.6054024030701353]
execution_time : [3600.0041131973267, 3600.0010380744934, 3600.004149913788, 3600.003904104233, 3600.001224040985]
objective_function : [0.3451263413928459, 0.2957280105374657, 0.26868446278676317, 0.3063096244574455, 0.30123453852858273]
sparsity : [26, 24, 24, 25, 23]
accuracy_train : [0.7059748427672956, 0.6750392464678179, 0.7425431711145997, 0.6562009419152276, 0.6844583987441131]
balanced_accuracy_train : [0.6563877513162153, 0.7069954406777329, 0.7327109671800954, 0.6951439484246987, 0.7041032812931092]
accuracy_test : [0.71875, 0.5911949685534591, 0.6163522012578616, 0.5849056603773585, 0.6037735849056604]
balanced_accuracy_test : [0.6712005108556833, 0.5757907113462669, 0.5982475304509203, 0.6350740287040818, 0.6572612085769981]
end
