dataset : data/wine.csv
labels_name : ['quality == LOW', 'quality == MED', 'quality == HIGH']
s : 10.0
ba : 1.0
sensitive_groups : []
sensitive_labels : []
time_limit : 3600
lambda_bound : 9
n_folds : 5
nb_samples : 796
nb_features : 24
nb_labels : 3
optimality_gap : [0.5802899301912692, 0.5886642015056595, 0.5409125254047018, 0.5951040183773003, 0.5821514053635839]
execution_time : [3600.0045478343964, 3600.001554965973, 3600.001147031784, 3600.0371239185333, 3600.0009999275208]
objective_function : [0.30520898258868334, 0.29038103979493435, 0.28533074891471344, 0.32077327169742487, 0.2938227894449684]
sparsity : [30, 26, 26, 27, 23]
accuracy_train : [0.6635220125786163, 0.6813186813186813, 0.6860282574568289, 0.6828885400313972, 0.7221350078492935]
balanced_accuracy_train : [0.6963633444553419, 0.7121615375196795, 0.7160297953029736, 0.6806396011440193, 0.7073807689014471]
accuracy_test : [0.70625, 0.6163522012578616, 0.6415094339622641, 0.6729559748427673, 0.5786163522012578]
balanced_accuracy_test : [0.737037037037037, 0.6153497942386831, 0.6638711723457486, 0.6372744733300062, 0.6306530214424951]
end
