dataset : data/synthetic.csv
labels_name : ['L1', 'L2', 'L3']
s : 3.0
ba : 1.0
sensitive_groups : []
sensitive_labels : []
time_limit : 3600
lambda_bound : 9
n_folds : 5
nb_samples : 300
nb_features : 7
nb_labels : 3
optimality_gap : [6.890030110750424e-05, 4.719488812253987e-05, 6.520024272139963e-05, 8.329531744248138e-05, 7.772180846585024e-05]
execution_time : [28.379491090774536, 27.674041032791138, 9.783823013305664, 45.76941990852356, 16.079153060913086]
objective_function : [0.05979705963793658, 0.05213971168404666, 0.050892526822049575, 0.06199216140253877, 0.052187072187072185]
sparsity : [9, 9, 9, 9, 8]
accuracy_train : [0.9541666666666667, 0.9583333333333334, 0.9583333333333334, 0.9458333333333333, 0.95]
balanced_accuracy_train : [0.9480733107324338, 0.9558583726071411, 0.9532741398446172, 0.9458375089271316, 0.9515166315166316]
accuracy_test : [0.95, 0.9333333333333333, 0.9333333333333333, 0.9, 0.8]
balanced_accuracy_test : [0.9537612146307799, 0.9271367521367521, 0.9463869463869464, 0.9126984126984127, 0.8055555555555557]
end
