dataset : data/customer.csv
labels_name : ['A', 'B', 'C', 'D']
s : 1.0
ba : 1.0
sensitive_groups : []
sensitive_labels : []
time_limit : 3600
lambda_bound : 9
n_folds : 5
nb_samples : 4765
nb_features : 33
nb_labels : 4
optimality_gap : [0.8952052634964787, 0.9051242482062644, 0.9006046433353937, 0.9124381736316377, 0.9090946953170104]
execution_time : [3600.016489982605, 3600.004199028015, 3600.02397108078, 3600.0182769298553, 3600.0214409828186]
objective_function : [0.4590663357382289, 0.5509055563974798, 0.5253497224807238, 0.560011992781331, 0.5259936048866061]
sparsity : [4, 4, 3, 4, 4]
accuracy_train : [0.5718782791185729, 0.4601259181532004, 0.4963273871983211, 0.4837355718782791, 0.5068205666316894]
balanced_accuracy_train : [0.541195993747605, 0.4493567730883536, 0.4748470246336519, 0.4489415432484706, 0.4861734865039886]
accuracy_test : [0.559286463798531, 0.4795383001049318, 0.47114375655823715, 0.5173137460650578, 0.521511017838405]
balanced_accuracy_test : [0.5372640339916736, 0.4756544857650157, 0.4581344362106617, 0.468448214598049, 0.49341554473906535]
end
