dataset : data/customer.csv
labels_name : ['A', 'B', 'C', 'D']
s : 2.0
ba : 1.0
sensitive_groups : []
sensitive_labels : []
time_limit : 3600
lambda_bound : 9
n_folds : 5
nb_samples : 4765
nb_features : 33
nb_labels : 4
optimality_gap : [0.8982022844728652, 0.88586813227764, 0.8928411439700962, 0.9002359862875803, 0.9047074254576472]
execution_time : [3600.036274909973, 3600.024636030197, 3600.0200731754303, 3600.018527030945, 3600.035642147064]
objective_function : [0.4971191952750989, 0.44421481674051694, 0.454425764058205, 0.4684375062315334, 0.47170832391439277]
sparsity : [8, 8, 8, 8, 8]
accuracy_train : [0.5317418677859391, 0.5865687303252886, 0.5634837355718783, 0.560598111227702, 0.5595487932843651]
balanced_accuracy_train : [0.5031431342107351, 0.5691110373354806, 0.5458365654276294, 0.5318248232543008, 0.5285540055714402]
accuracy_test : [0.4994753410283316, 0.5624344176285414, 0.55299055613851, 0.5708289611752361, 0.577124868835257]
balanced_accuracy_test : [0.4781428886000808, 0.5517430769649956, 0.5299641876777861, 0.5438512547567576, 0.5332791313854821]
end
