dataset : data/customer.csv
labels_name : ['A', 'B', 'C', 'D']
s : 3.0
ba : 1.0
sensitive_groups : []
sensitive_labels : []
time_limit : 3600
lambda_bound : 9
n_folds : 5
nb_samples : 4765
nb_features : 33
nb_labels : 4
optimality_gap : [0.9126639894622547, 0.909167475622905, 0.9152134692191244, 0.9297589860853663, 0.9051679034014829]
execution_time : [3600.0236060619354, 3600.0025589466095, 3600.002319097519, 3600.024388074875, 3600.059005022049]
objective_function : [0.4660499555232889, 0.4728531510459949, 0.4872549024927933, 0.6022426783467432, 0.4645020068347756]
sparsity : [12, 11, 11, 12, 12]
accuracy_train : [0.5674186778593914, 0.5647953830010494, 0.5299055613850997, 0.4213011542497377, 0.5663693599160545]
balanced_accuracy_train : [0.5352562152986619, 0.527387317649352, 0.5129855662025548, 0.39834559638029093, 0.5357603226510573]
accuracy_test : [0.5424973767051416, 0.5372507869884575, 0.5309548793284365, 0.44491080797481636, 0.5561385099685204]
balanced_accuracy_test : [0.516940089134163, 0.515856169973574, 0.531120323426999, 0.404703220858432, 0.5124337960275198]
end
