dataset : data/customer.csv
labels_name : ['A', 'B', 'C', 'D']
s : 4.0
ba : 1.0
sensitive_groups : []
sensitive_labels : []
time_limit : 3600
lambda_bound : 9
n_folds : 5
nb_samples : 4765
nb_features : 33
nb_labels : 4
optimality_gap : [0.9138013390926136, 0.9031803003589706, 0.9201965162923933, 0.9236737590042149, 0.9095198083305329]
execution_time : [3600.002699136734, 3600.023360013962, 3600.0030579566956, 3600.0127341747284, 3600.0066390037537]
objective_function : [0.45223641655011176, 0.44916529864580534, 0.5039188313819779, 0.5257224603517046, 0.4134760308691267]
sparsity : [16, 16, 16, 16, 16]
accuracy_train : [0.5826337880377754, 0.5621720881427072, 0.5241343126967472, 0.5131164742917104, 0.6015215110178384]
balanced_accuracy_train : [0.5482868732697515, 0.5514335045950753, 0.49634349810385614, 0.4770088962619711, 0.5867862986167063]
accuracy_test : [0.5508919202518363, 0.559286463798531, 0.5676810073452256, 0.5267576075550892, 0.5865687303252886]
balanced_accuracy_test : [0.5232038334138948, 0.5509663413182527, 0.5265366851386397, 0.47768142534615254, 0.5700075646808483]
end
