dataset : data/customer.csv
labels_name : ['A', 'B', 'C', 'D']
s : 5.0
ba : 1.0
sensitive_groups : []
sensitive_labels : []
time_limit : 3600
lambda_bound : 9
n_folds : 5
nb_samples : 4765
nb_features : 33
nb_labels : 4
optimality_gap : [0.9167402960604726, 0.9030600395877139, 0.9202691730699482, 0.9279284206029195, 0.9188885900392693]
execution_time : [3600.0168080329895, 3600.002233028412, 3600.0248460769653, 3600.025486946106, 3600.026305913925]
objective_function : [0.48280342082003114, 0.4175678194708712, 0.5015459955380034, 0.5154720552802068, 0.4561423216325612]
sparsity : [19, 18, 19, 19, 19]
accuracy_train : [0.55299055613851, 0.60099685204617, 0.5301678908709339, 0.5154774396642182, 0.5737145855194123]
balanced_accuracy_train : [0.5204685253482084, 0.5826682770663791, 0.498703217473539, 0.4847771577313359, 0.5451341737185876]
accuracy_test : [0.5372507869884575, 0.5613850996852047, 0.5383001049317944, 0.5257082896117523, 0.5634837355718783]
balanced_accuracy_test : [0.5136472812409811, 0.5512476280310581, 0.5088652221315275, 0.48774537858055733, 0.5289175032778505]
end
