dataset : data/customer.csv
labels_name : ['A', 'B', 'C', 'D']
s : 6.0
ba : 1.0
sensitive_groups : []
sensitive_labels : []
time_limit : 3600
lambda_bound : 9
n_folds : 5
nb_samples : 4765
nb_features : 33
nb_labels : 4
optimality_gap : [0.919805287525354, 0.9152495738149315, 0.9200661526087972, 0.9145912319310826, 0.9095224218202588]
execution_time : [3600.0374641418457, 3600.034914970398, 3600.0278108119965, 3600.002063035965, 3600.0213119983673]
objective_function : [0.45221689532747544, 0.4201376702692022, 0.46060593802813854, 0.4642066061239242, 0.44161071352044085]
sparsity : [24, 23, 23, 24, 23]
accuracy_train : [0.5865687303252886, 0.6080797481636936, 0.5689926547743966, 0.5663693599160545, 0.588405036726128]
balanced_accuracy_train : [0.5493646953720789, 0.5839559419361426, 0.5442200034722872, 0.5363134553206731, 0.5586406855701489]
accuracy_test : [0.5414480587618048, 0.565582371458552, 0.5687303252885625, 0.5760755508919203, 0.5708289611752361]
balanced_accuracy_test : [0.5109551433742479, 0.555246786002324, 0.5398933234232477, 0.5391857548681689, 0.5345974473063819]
end
