dataset : data/customer.csv
labels_name : ['A', 'B', 'C', 'D']
s : 7.0
ba : 1.0
sensitive_groups : []
sensitive_labels : []
time_limit : 3600
lambda_bound : 9
n_folds : 5
nb_samples : 4765
nb_features : 33
nb_labels : 4
optimality_gap : [0.9135065693628017, 0.9053686410818337, 0.922572588737623, 0.9150967509238249, 0.9146451803967757]
execution_time : [3600.0277981758118, 3600.0206990242004, 3600.030911922455, 3600.002835035324, 3600.033525943756]
objective_function : [0.4365589296975595, 0.4090843826505524, 0.49597977641700447, 0.46197324326412187, 0.4626890469752074]
sparsity : [28, 28, 26, 28, 24]
accuracy_train : [0.5941762854144806, 0.6130640083945436, 0.5254459601259182, 0.5705666316894019, 0.5692549842602308]
balanced_accuracy_train : [0.5684006858008008, 0.591689718098146, 0.5048493104625078, 0.5389409767041115, 0.5375358068697917]
accuracy_test : [0.5708289611752361, 0.5739769150052466, 0.5183630640083945, 0.5666316894018888, 0.5907660020986358]
balanced_accuracy_test : [0.548952300826942, 0.5593390995108973, 0.5017265295867614, 0.5229410394506134, 0.5459871253470754]
end
