dataset : data/customer.csv
labels_name : ['A', 'B', 'C', 'D']
s : 8.0
ba : 1.0
sensitive_groups : []
sensitive_labels : []
time_limit : 3600
lambda_bound : 9
n_folds : 5
nb_samples : 4765
nb_features : 33
nb_labels : 4
optimality_gap : [0.8969082936810532, 0.9118380592100789, 0.9223128560600055, 0.9021870126473263, 0.9060318303856797]
execution_time : [3600.014098882675, 3600.031265974045, 3600.030741930008, 3600.0229771137238, 3600.037703037262]
objective_function : [0.396926578151767, 0.4229291789871554, 0.4656665942775526, 0.3836522043104584, 0.42496730501677377]
sparsity : [31, 31, 32, 29, 31]
accuracy_train : [0.6251311647429171, 0.6017838405036726, 0.5574501573976915, 0.6267051416579223, 0.60099685204617]
balanced_accuracy_train : [0.6071875631222465, 0.5795999427735119, 0.5411062348240155, 0.6165855317860791, 0.5752868266726269]
accuracy_test : [0.5792235047219307, 0.5477439664218258, 0.5540398740818469, 0.621196222455404, 0.5897166841552991]
balanced_accuracy_test : [0.5664787674123273, 0.5323109164706671, 0.5437309662806585, 0.6027393676518235, 0.5579723065147631]
end
