dataset : data/customer.csv
labels_name : ['A', 'B', 'C', 'D']
s : 9.0
ba : 1.0
sensitive_groups : []
sensitive_labels : []
time_limit : 3600
lambda_bound : 9
n_folds : 5
nb_samples : 4765
nb_features : 33
nb_labels : 4
optimality_gap : [0.9077828337581597, 0.8997432556434466, 0.9141833046878294, 0.9094750645174204, 0.9064394517176579]
execution_time : [3600.0214138031006, 3600.027521133423, 3600.003531932831, 3600.002781867981, 3600.0030479431152]
objective_function : [0.4409941651077982, 0.3753994825346192, 0.45773703721749903, 0.42033930229299055, 0.4065942473674419]
sparsity : [36, 36, 35, 34, 33]
accuracy_train : [0.6104407135362014, 0.6387722980062959, 0.5666316894018888, 0.6109653725078699, 0.6062434417628542]
balanced_accuracy_train : [0.5772844058213142, 0.6256312895741654, 0.5454920355841152, 0.580164077054401, 0.5936462213279051]
accuracy_test : [0.5697796432318992, 0.6044071353620147, 0.5477439664218258, 0.6138509968520461, 0.608604407135362]
balanced_accuracy_test : [0.544979401889211, 0.5967060916295934, 0.5226956637950579, 0.5828879876392248, 0.5932867918835124]
end
