dataset : data/customer.csv
labels_name : ['A', 'B', 'C', 'D']
s : 10.0
ba : 1.0
sensitive_groups : []
sensitive_labels : []
time_limit : 3600
lambda_bound : 9
n_folds : 5
nb_samples : 4765
nb_features : 33
nb_labels : 4
optimality_gap : [0.8999338947877523, 0.9068821710877449, 0.918333729317267, 0.9123993899019455, 0.9187661580421875]
execution_time : [3600.0243668556213, 3600.0244159698486, 3600.031490087509, 3600.0029380321503, 3600.0331058502197]
objective_function : [0.39922445791391475, 0.401496400026199, 0.47187271073991527, 0.39727993396188915, 0.44171555583375516]
sparsity : [35, 40, 40, 40, 40]
accuracy_train : [0.6277544596012592, 0.6371983210912907, 0.5876180482686254, 0.6256558237145855, 0.5944386149003148]
balanced_accuracy_train : [0.6025164469645388, 0.6174641761323356, 0.5631560730983605, 0.6071683589487564, 0.5682141240452419]
accuracy_test : [0.5949632738719832, 0.5792235047219307, 0.6065057712486883, 0.6348373557187827, 0.5813221406086044]
balanced_accuracy_test : [0.5746417981062574, 0.5688205063728737, 0.5796785030188836, 0.6151039527604917, 0.5478650953255093]
end
