dataset : data/synthetic.csv
labels_name : ['L1', 'L2', 'L3']
s : 4.0
ba : 1.0
sensitive_groups : []
sensitive_labels : []
time_limit : 3600
lambda_bound : 9
n_folds : 5
nb_samples : 300
nb_features : 7
nb_labels : 3
optimality_gap : [9.94839474013383e-05, 9.853792468997709e-05, 0.0, 9.911482519399561e-05, 5.6989937720442493e-05]
execution_time : [126.90925002098083, 847.8828611373901, 4.960391998291016, 3555.2648990154266, 4.86788010597229]
objective_function : [0.036088566339627155, 0.03915838540222776, 0.032024602293747685, 0.0426598820466745, 0.028919691419691414]
sparsity : [12, 12, 12, 12, 12]
accuracy_train : [0.9666666666666667, 0.9625, 0.9708333333333333, 0.9583333333333334, 0.9708333333333333]
balanced_accuracy_train : [0.9680781003270394, 0.9650082812644389, 0.972142064372919, 0.9615067846199921, 0.9752469752469753]
accuracy_test : [0.95, 0.9333333333333333, 0.9333333333333333, 0.95, 0.8333333333333334]
balanced_accuracy_test : [0.9537612146307799, 0.9465811965811967, 0.9463869463869464, 0.9595238095238096, 0.8477777777777776]
end
