dataset : data/synthetic.csv
labels_name : ['L1', 'L2', 'L3']
s : 5.0
ba : 1.0
sensitive_groups : []
sensitive_labels : []
time_limit : 3600
lambda_bound : 9
n_folds : 5
nb_samples : 300
nb_features : 7
nb_labels : 3
optimality_gap : [9.775309585676569e-05, 8.947860834578413e-05, 0.0, 0.0, 7.624498887766615e-05]
execution_time : [67.680743932724, 20.62314510345459, 2.3417880535125732, 4.829764127731323, 1.999027967453003]
objective_function : [0.03210708485814568, 0.0344936344443737, 0.031191268960414346, 0.0363705738705741, 0.025274910274910273]
sparsity : [14, 12, 12, 15, 14]
accuracy_train : [0.9708333333333333, 0.9666666666666667, 0.9708333333333333, 0.9625, 0.975]
balanced_accuracy_train : [0.9717818040307433, 0.96883969888896, 0.972142064372919, 0.9677960927960928, 0.9786139786139786]
accuracy_test : [0.95, 0.95, 0.9333333333333333, 0.95, 0.9333333333333333]
balanced_accuracy_test : [0.9537612146307799, 0.9604700854700855, 0.9463869463869464, 0.9595238095238096, 0.931111111111111]
end
