dataset : data/synthetic.csv
labels_name : ['L1', 'L2', 'L3']
s : 6.0
ba : 1.0
sensitive_groups : []
sensitive_labels : []
time_limit : 3600
lambda_bound : 9
n_folds : 5
nb_samples : 300
nb_features : 7
nb_labels : 3
optimality_gap : [7.678320851289043e-05, 0.0, 0.0, 7.742515579316961e-05, 0.0]
execution_time : [4.458567142486572, 2.0753750801086426, 2.1317741870880127, 6.374496936798096, 2.24100399017334]
objective_function : [0.03145893670999753, 0.031495550153185614, 0.030635713404858798, 0.035333874720667166, 0.02462676212676213]
sparsity : [14, 18, 12, 18, 14]
accuracy_train : [0.9708333333333333, 0.9708333333333333, 0.9708333333333333, 0.9666666666666667, 0.975]
balanced_accuracy_train : [0.9717818040307433, 0.972671116513481, 0.972142064372919, 0.9688327919459995, 0.9786139786139786]
accuracy_test : [0.95, 0.95, 0.9333333333333333, 0.9666666666666667, 0.9333333333333333]
balanced_accuracy_test : [0.9537612146307799, 0.9604700854700855, 0.9463869463869464, 0.9761904761904763, 0.931111111111111]
end
