dataset : data/synthetic.csv
labels_name : ['L1', 'L2', 'L3']
s : 7.0
ba : 1.0
sensitive_groups : []
sensitive_labels : []
time_limit : 3600
lambda_bound : 9
n_folds : 5
nb_samples : 300
nb_features : 7
nb_labels : 3
optimality_gap : [0.0, 6.949043648119567e-05, 9.156670404025795e-05, 8.753810407752968e-06, 0.0]
execution_time : [2.5302979946136475, 16.75145196914673, 2.2916951179504395, 17.830776929855347, 1.4780950546264648]
objective_function : [0.030995973747034566, 0.030900312057947524, 0.0302388880080334, 0.03473863662542907, 0.024163799163799165]
sparsity : [14, 18, 12, 18, 14]
accuracy_train : [0.9708333333333333, 0.9708333333333333, 0.9708333333333333, 0.9666666666666667, 0.975]
balanced_accuracy_train : [0.9717818040307433, 0.972671116513481, 0.972142064372919, 0.9688327919459995, 0.9786139786139786]
accuracy_test : [0.95, 0.95, 0.9333333333333333, 0.9666666666666667, 0.9333333333333333]
balanced_accuracy_test : [0.9537612146307799, 0.9604700854700855, 0.9463869463869464, 0.9761904761904763, 0.931111111111111]
end
