dataset : data/synthetic.csv
labels_name : ['L1', 'L2', 'L3']
s : 8.0
ba : 1.0
sensitive_groups : []
sensitive_labels : []
time_limit : 3600
lambda_bound : 9
n_folds : 5
nb_samples : 300
nb_features : 7
nb_labels : 3
optimality_gap : [7.759645247216367e-05, 0.0, 0.0, 0.0, 0.0]
execution_time : [3.2414379119873047, 5.226036071777344, 1.8353440761566162, 2.5958120822906494, 1.4233291149139404]
objective_function : [0.030648751524812345, 0.03045388348651895, 0.02994126896041435, 0.0342922080540005, 0.023816576941577003]
sparsity : [14, 18, 12, 18, 14]
accuracy_train : [0.9708333333333333, 0.9708333333333333, 0.9708333333333333, 0.9666666666666667, 0.975]
balanced_accuracy_train : [0.9717818040307433, 0.972671116513481, 0.972142064372919, 0.9688327919459995, 0.9786139786139786]
accuracy_test : [0.95, 0.95, 0.9333333333333333, 0.9666666666666667, 0.9333333333333333]
balanced_accuracy_test : [0.9537612146307799, 0.9604700854700855, 0.9463869463869464, 0.9761904761904763, 0.931111111111111]
end
