dataset : data/synthetic.csv
labels_name : ['L1', 'L2', 'L3']
s : 9.0
ba : 1.0
sensitive_groups : []
sensitive_labels : []
time_limit : 3600
lambda_bound : 9
n_folds : 5
nb_samples : 300
nb_features : 7
nb_labels : 3
optimality_gap : [0.0, 9.501804381924225e-05, 8.244890610734666e-05, 0.0, 0.0]
execution_time : [2.76336407661438, 2.8903989791870117, 2.0152809619903564, 2.3569400310516357, 1.5701470375061035]
objective_function : [0.030378689796417287, 0.03010666126429673, 0.029709787478932867, 0.033944985831778275, 0.023546515213181882]
sparsity : [14, 18, 12, 18, 14]
accuracy_train : [0.9708333333333333, 0.9708333333333333, 0.9708333333333333, 0.9666666666666667, 0.975]
balanced_accuracy_train : [0.9717818040307433, 0.972671116513481, 0.972142064372919, 0.9688327919459995, 0.9786139786139786]
accuracy_test : [0.95, 0.95, 0.9333333333333333, 0.9666666666666667, 0.9333333333333333]
balanced_accuracy_test : [0.9537612146307799, 0.9604700854700855, 0.9463869463869464, 0.9761904761904763, 0.931111111111111]
end
