dataset : data/synthetic.csv
labels_name : ['L1', 'L2', 'L3']
s : 10.0
ba : 1.0
sensitive_groups : []
sensitive_labels : []
time_limit : 3600
lambda_bound : 9
n_folds : 5
nb_samples : 300
nb_features : 7
nb_labels : 3
optimality_gap : [8.751746686792782e-05, 0.0, 9.343060629319271e-05, 0.0, 0.0]
execution_time : [3.1413660049438477, 2.2293100357055664, 11.137178897857666, 3.0696041584014893, 1.3751301765441895]
objective_function : [0.030162640413701234, 0.029828883486518954, 0.029524602293747686, 0.0336672080540005, 0.023330465830465833]
sparsity : [14, 18, 12, 18, 14]
accuracy_train : [0.9708333333333333, 0.9708333333333333, 0.9708333333333333, 0.9666666666666667, 0.975]
balanced_accuracy_train : [0.9717818040307433, 0.972671116513481, 0.972142064372919, 0.9688327919459995, 0.9786139786139786]
accuracy_test : [0.95, 0.95, 0.9333333333333333, 0.9666666666666667, 0.9333333333333333]
balanced_accuracy_test : [0.9537612146307799, 0.9604700854700855, 0.9463869463869464, 0.9761904761904763, 0.931111111111111]
end
