dataset : data/synthetic.csv
labels_name : ['L1', 'L2', 'L3']
s : 3.0
eod : 0.02
a : 1.0
sensitive_groups : ['A1']
sensitive_labels : ['L1']
time_limit : 3600
lambda_bound : 9
n_folds : 5
nb_samples : 642
nb_features : 7
nb_labels : 3
optimality_gap : [0.5880193012687466, 0.2594670425227723, 0.522737635685352, 0.5687150625594525, 0.5942762715443511]
execution_time : [3600.007215976715, 3600.001260995865, 3600.0013148784637, 3600.001965045929, 3600.005728006363]
objective_function : [0.2729044834307992, 0.16742473467619665, 0.2801556420233463, 0.2607003891050583, 0.30739299610894943]
sparsity : [9, 8, 9, 9, 9]
accuracy_train : [0.7290448343079922, 0.834307992202729, 0.7217898832684825, 0.7412451361867705, 0.7042801556420234]
balanced_accuracy_train : [0.7242063492063492, 0.8352609484363963, 0.6996124031007751, 0.7348995707552843, 0.6960617529372786]
accuracy_test : [0.7441860465116279, 0.7984496124031008, 0.6484375, 0.765625, 0.7265625]
balanced_accuracy_test : [0.7129251700680271, 0.7843397252821976, 0.6783293932230103, 0.748951048951049, 0.703291119449656]
overall_misclassification_rate_train : [0.13519965937775616, 0.007252326217843455, 0.16461316965977116, 0.11612003214605224, 0.17188375509215087]
statistical_parity_train : [0.06883914722788237, 0.14039408866995073, 0.049435477760097, 0.07987990720101895, 0.06678478942347008]
predictive_equality_train : [0.01015228426395939, 0.01574365017020163, 0.014705882352941176, 0.015541282571799396, 0.01932367149758454]
equal_opportunity_train : [0.010721247563352798, 0.017449181507465328, 0.007807807807807793, 0.01867816091954022, 0.0007369196757553431]
max_equalized_odds_train : [0.010721247563352798, 0.017449181507465328, 0.014705882352941176, 0.01867816091954022, 0.01932367149758454]
mean_equalized_odds_train : [0.010338611426333839, 0.016275589768568473, 0.0126123033081147, 0.016542154262518257, 0.013393268192565108]
overall_misclassification_rate_test : [0.15454983148772267, 0.1706846673095468, 0.15625, 0.21652003910068424, 0.09411764705882353]
statistical_parity_test : [0.021425132402503613, 0.06581485053037606, 0.046875, 0.07038123167155425, 0.008823529411764702]
predictive_equality_test : [0.07272727272727272, 0.2549019607843137, 0.020833333333333332, 0.05555555555555555, 0.0]
equal_opportunity_test : [0.1071428571428571, 0.021212121212121238, 0.03830645161290322, 0.15384615384615385, 0.033333333333333354]
max_equalized_odds_test : [0.1071428571428571, 0.2549019607843137, 0.03830645161290322, 0.15384615384615385, 0.033333333333333354]
mean_equalized_odds_test : [0.08206483439041577, 0.1770053475935829, 0.0272492439516129, 0.08550347222222221, 0.010156250000000006]
end
