dataset : data/synthetic.csv
labels_name : ['L1', 'L2', 'L3']
s : 3.0
eod : 0.12
a : 1.0
sensitive_groups : ['A1']
sensitive_labels : ['L1']
time_limit : 3600
lambda_bound : 9
n_folds : 5
nb_samples : 642
nb_features : 7
nb_labels : 3
optimality_gap : [0.0, 0.0, 0.03283783187339917, 0.04933791007591479, 0.0]
execution_time : [1743.5999801158905, 1558.2722609043121, 3600.001725912094, 3600.005301952362, 2429.213492870331]
objective_function : [0.11652588260775394, 0.11674247346761965, 0.12213575443147429, 0.13207955036748809, 0.12602680501513186]
sparsity : [7, 8, 7, 8, 7]
accuracy_train : [0.884990253411306, 0.884990253411306, 0.8793774319066148, 0.8696498054474708, 0.8754863813229572]
balanced_accuracy_train : [0.8837436104385258, 0.8873232785376399, 0.8784279403184129, 0.8701343570210466, 0.8766735904036156]
accuracy_test : [0.8682170542635659, 0.8294573643410853, 0.890625, 0.890625, 0.90625]
balanced_accuracy_test : [0.872260015117158, 0.8145399836801306, 0.8938534278959812, 0.8921652421652421, 0.9035595163643945]
overall_misclassification_rate_train : [0.004455460600346697, 0.03024083196496989, 0.013124194892778662, 0.030356790853538332, 0.005239804340254117]
statistical_parity_train : [0.12519388096469086, 0.10071154898741108, 0.12690763052208837, 0.1273711504344266, 0.16824920872896887]
predictive_equality_train : [0.042392646453560154, 0.07832547787378896, 0.06079704609116374, 0.07105061732503579, 0.04067430154386676]
equal_opportunity_train : [0.11403508771929827, 0.1009174311926605, 0.11711711711711714, 0.09482758620689657, 0.11864406779661019]
max_equalized_odds_train : [0.11403508771929827, 0.1009174311926605, 0.11711711711711714, 0.09482758620689657, 0.11864406779661019]
mean_equalized_odds_train : [0.0658544985639773, 0.08537170113113682, 0.07789029721966322, 0.07863704319395634, 0.06555181451166817]
overall_misclassification_rate_test : [0.00722195474241695, 0.07401157184185149, 0.0625, 0.07282502443792767, 0.009803921568627444]
statistical_parity_test : [0.1783822821376986, 0.1885245901639344, 0.171875, 0.0850439882697947, 0.004901960784313764]
predictive_equality_test : [0.057808857808857805, 0.09075630252100841, 0.018939393939393943, 0.12316561844863731, 0.06565656565656565]
equal_opportunity_test : [0.1428571428571429, 0.06060606060606055, 0.12903225806451613, 0.07692307692307687, 0.125]
max_equalized_odds_test : [0.1428571428571429, 0.09075630252100841, 0.12903225806451613, 0.12316561844863731, 0.125]
mean_equalized_odds_test : [0.08088397390722973, 0.08070622188269246, 0.059364117485337244, 0.10907609407756812, 0.0837377683080808]
end
