dataset : data/synthetic.csv
labels_name : ['L1', 'L2', 'L3']
s : 3.0
eod : 0.2
a : 1.0
sensitive_groups : ['A1']
sensitive_labels : ['L1']
time_limit : 3600
lambda_bound : 9
n_folds : 5
nb_samples : 642
nb_features : 7
nb_labels : 3
optimality_gap : [0.0, 0.0, 0.0, 0.0, 0.0]
execution_time : [104.55617094039917, 128.61294293403625, 190.61322593688965, 2667.7747781276703, 130.77300310134888]
objective_function : [0.11652588260775394, 0.10872861165258825, 0.12213575443147429, 0.12602680501513186, 0.12602680501513186]
sparsity : [7, 7, 7, 7, 7]
accuracy_train : [0.884990253411306, 0.8927875243664717, 0.8793774319066148, 0.8754863813229572, 0.8754863813229572]
balanced_accuracy_train : [0.8837436104385258, 0.8941086602881055, 0.8784279403184129, 0.8755974896870552, 0.8766735904036156]
accuracy_test : [0.8682170542635659, 0.8372093023255814, 0.890625, 0.90625, 0.90625]
balanced_accuracy_test : [0.872260015117158, 0.8243319053447573, 0.8938534278959812, 0.9063455063455064, 0.9035595163643945]
overall_misclassification_rate_train : [0.004455460600346697, 0.009031198686371103, 0.013124194892778662, 0.0051706621783499385, 0.005239804340254117]
statistical_parity_train : [0.12519388096469086, 0.11699507389162561, 0.12690763052208837, 0.14042669335395536, 0.16824920872896887]
predictive_equality_train : [0.042392646453560154, 0.04349960722702278, 0.06079704609116374, 0.04089986355619156, 0.04067430154386676]
equal_opportunity_train : [0.11403508771929827, 0.12844036697247707, 0.11711711711711714, 0.12068965517241381, 0.11864406779661019]
max_equalized_odds_train : [0.11403508771929827, 0.12844036697247707, 0.11711711711711714, 0.12068965517241381, 0.11864406779661019]
mean_equalized_odds_train : [0.0658544985639773, 0.0699918519819403, 0.07789029721966322, 0.06635808500572551, 0.06555181451166817]
overall_misclassification_rate_test : [0.00722195474241695, 0.026518804243008676, 0.0625, 0.011241446725317697, 0.009803921568627444]
statistical_parity_test : [0.1783822821376986, 0.2066055930568949, 0.171875, 0.11436950146627567, 0.004901960784313764]
predictive_equality_test : [0.057808857808857805, 0.05154061624649861, 0.018939393939393943, 0.06656184486373166, 0.06565656565656565]
equal_opportunity_test : [0.1428571428571429, 0.09090909090909094, 0.12903225806451613, 0.11538461538461542, 0.125]
max_equalized_odds_test : [0.1428571428571429, 0.09090909090909094, 0.12903225806451613, 0.11538461538461542, 0.125]
mean_equalized_odds_test : [0.08088397390722973, 0.06466344113402939, 0.059364117485337244, 0.08143753275681344, 0.0837377683080808]
end
