dataset : data/customer.csv
labels_name : ['A', 'B', 'C', 'D']
s : 3.0
eod : 0.05
a : 1.0
sensitive_groups : ['Gender == Female']
sensitive_labels : ['A', 'B', 'C', 'D']
time_limit : 3600
lambda_bound : 9
n_folds : 5
nb_samples : 4765
nb_features : 33
nb_labels : 4
optimality_gap : [0.990341951239616, 0.9914562266062744, 0.988878119945261, 0.9902795717232666, 0.9931713785042577]
execution_time : [3600.268579006195, 3600.1283299922943, 3600.123292207718, 3600.1930861473083, 3600.0164680480957]
objective_function : [0.7093607904861847, 0.5644674711437552, 0.711984085344527, 0.7122464148303611, 0.7151320391745374]
sparsity : [1, 9, 1, 1, 1]
accuracy_train : [0.2906610703043022, 0.5763378803777545, 0.28803777544596015, 0.28777544596012594, 0.2848898216159496]
balanced_accuracy_train : [0.25, 0.5405650708665702, 0.25, 0.25, 0.25]
accuracy_test : [0.2812172088142707, 0.5424973767051416, 0.291710388247639, 0.29275970619097585, 0.304302203567681]
balanced_accuracy_test : [0.25, 0.5284801808246891, 0.25, 0.25, 0.25]
overall_misclassification_rate_train : [0.06429401611111296, 0.031205634783245867, 0.06483902979455436, 0.06446289079876866, 0.0535418392709196]
statistical_parity_train : [0.0, 0.036391169686034175, 0.0, 0.0, 0.0]
predictive_equality_train : [0.0, 0.045076989500698064, 0.0, 0.0, 0.0]
equal_opportunity_train : [0.0, 0.03542637784480396, 0.0, 0.0, 0.0]
max_equalized_odds_train : [0.0, 0.045076989500698064, 0.0, 0.0, 0.0]
mean_equalized_odds_train : [0.0, 0.038813478961028575, 0.0, 0.0, 0.0]
overall_misclassification_rate_test : [0.050719246031746046, 0.07222557433740692, 0.04908855207195684, 0.05031892591105758, 0.09461678427195663]
statistical_parity_test : [0.0, 0.014562188741095633, 0.0, 0.0, 0.0]
predictive_equality_test : [0.0, 0.05124134436750549, 0.0, 0.0, 0.0]
equal_opportunity_test : [0.0, 0.07459191865132453, 0.0, 0.0, 0.0]
max_equalized_odds_test : [0.0, 0.07459191865132453, 0.0, 0.0, 0.0]
mean_equalized_odds_test : [0.0, 0.04111164172561314, 0.0, 0.0, 0.0]
end
