dataset : data/customer.csv
labels_name : ['A', 'B', 'C', 'D']
s : 3.0
eod : 0.07
a : 1.0
sensitive_groups : ['Gender == Female']
sensitive_labels : ['A', 'B', 'C', 'D']
time_limit : 3600
lambda_bound : 9
n_folds : 5
nb_samples : 4765
nb_features : 33
nb_labels : 4
optimality_gap : [0.9932174936330316, 0.9931787985489864, 0.9839222162610463, 0.9918003998140491, 0.9931644440549786]
execution_time : [3600.6202738285065, 3600.1437559127808, 3600.136573076248, 3600.0356018543243, 3600.012316942215]
objective_function : [0.7093607904861847, 0.7075244840853453, 0.4860746764602986, 0.7122464148303611, 0.7151320391745374]
sparsity : [1, 1, 11, 1, 1]
accuracy_train : [0.2906610703043022, 0.29249737670514164, 0.5697796432318992, 0.28777544596012594, 0.2848898216159496]
balanced_accuracy_train : [0.25, 0.25, 0.5397305109155746, 0.25, 0.25]
accuracy_test : [0.2812172088142707, 0.2738719832109129, 0.6065057712486883, 0.29275970619097585, 0.304302203567681]
balanced_accuracy_test : [0.25, 0.25, 0.5582175073242945, 0.25, 0.25]
overall_misclassification_rate_train : [0.06429401611111296, 0.061258034137434025, 0.04034505843529529, 0.06446289079876866, 0.0535418392709196]
statistical_parity_train : [0.0, 0.0, 0.04658316712758892, 0.0, 0.0]
predictive_equality_train : [0.0, 0.0, 0.043401223781570686, 0.0, 0.0]
equal_opportunity_train : [0.0, 0.0, 0.04886014816027506, 0.0, 0.0]
max_equalized_odds_train : [0.0, 0.0, 0.04886014816027506, 0.0, 0.0]
mean_equalized_odds_train : [0.0, 0.0, 0.04482037227561477, 0.0, 0.0]
overall_misclassification_rate_test : [0.050719246031746046, 0.07222557433740692, 0.02897720714241317, 0.05031892591105758, 0.09461678427195663]
statistical_parity_test : [0.0, 0.0, 0.01655079335482096, 0.0, 0.0]
predictive_equality_test : [0.0, 0.0, 0.050403296819414606, 0.0, 0.0]
equal_opportunity_test : [0.0, 0.0, 0.03988501616960116, 0.0, 0.0]
max_equalized_odds_test : [0.0, 0.0, 0.050403296819414606, 0.0, 0.0]
mean_equalized_odds_test : [0.0, 0.0, 0.03734944426291458, 0.0, 0.0]
end
