dataset : data/customer.csv
labels_name : ['A', 'B', 'C', 'D']
s : 3.0
eod : 0.1
a : 1.0
sensitive_groups : ['Gender == Female']
sensitive_labels : ['A', 'B', 'C', 'D']
time_limit : 3600
lambda_bound : 9
n_folds : 5
nb_samples : 4765
nb_features : 33
nb_labels : 4
optimality_gap : [0.9897782657875211, 0.9900354855507013, 0.9891906192565857, 0.9931723909656756, 0.9892651781668995]
execution_time : [3600.0113871097565, 3600.10066819191, 3600.1424629688263, 3600.1810960769653, 3600.0089659690857]
objective_function : [0.4710781741867765, 0.7075244840853453, 0.711984085344527, 0.7122464148303611, 0.7151320391745374]
sparsity : [9, 1, 1, 1, 1]
accuracy_train : [0.5752885624344176, 0.29249737670514164, 0.28803777544596015, 0.28777544596012594, 0.2848898216159496]
balanced_accuracy_train : [0.542435205828778, 0.25, 0.25, 0.25, 0.25]
accuracy_test : [0.5508919202518363, 0.2738719832109129, 0.291710388247639, 0.29275970619097585, 0.304302203567681]
balanced_accuracy_test : [0.5228517675795299, 0.25, 0.25, 0.25, 0.25]
overall_misclassification_rate_train : [0.03560368757055159, 0.061258034137434025, 0.06483902979455436, 0.06446289079876866, 0.0535418392709196]
statistical_parity_train : [0.03498077208090544, 0.0, 0.0, 0.0, 0.0]
predictive_equality_train : [0.04290892798957315, 0.0, 0.0, 0.0, 0.0]
equal_opportunity_train : [0.032652220482821126, 0.0, 0.0, 0.0, 0.0]
max_equalized_odds_train : [0.04290892798957315, 0.0, 0.0, 0.0, 0.0]
mean_equalized_odds_train : [0.040250578824654215, 0.0, 0.0, 0.0, 0.0]
overall_misclassification_rate_test : [0.03644947562358278, 0.07222557433740692, 0.04908855207195684, 0.05031892591105758, 0.09461678427195663]
statistical_parity_test : [0.035523844954648526, 0.0, 0.0, 0.0, 0.0]
predictive_equality_test : [0.029209853277695527, 0.0, 0.0, 0.0, 0.0]
equal_opportunity_test : [0.09882336461689312, 0.0, 0.0, 0.0, 0.0]
max_equalized_odds_test : [0.09882336461689312, 0.0, 0.0, 0.0, 0.0]
mean_equalized_odds_test : [0.04666801614240511, 0.0, 0.0, 0.0, 0.0]
end
