dataset : data/customer.csv
labels_name : ['A', 'B', 'C', 'D']
s : 3.0
eod : 0.12
a : 1.0
sensitive_groups : ['Gender == Female']
sensitive_labels : ['A', 'B', 'C', 'D']
time_limit : 3600
lambda_bound : 9
n_folds : 5
nb_samples : 4765
nb_features : 33
nb_labels : 4
optimality_gap : [0.9925338075418759, 0.9931788217906405, 0.98785020180713, 0.993179436952169, 0.9897989154575851]
execution_time : [3600.0195531845093, 3600.1295278072357, 3600.122766017914, 3600.20955991745, 3600.0124249458313]
objective_function : [0.6439751661420074, 0.7075244840853453, 0.711984085344527, 0.7122464148303611, 0.7151320391745374]
sparsity : [10, 1, 1, 1, 1]
accuracy_train : [0.47796432318992654, 0.29249737670514164, 0.28803777544596015, 0.28777544596012594, 0.2848898216159496]
balanced_accuracy_train : [0.4466817252871529, 0.25, 0.25, 0.25, 0.25]
accuracy_test : [0.43126967471143757, 0.2738719832109129, 0.291710388247639, 0.29275970619097585, 0.304302203567681]
balanced_accuracy_test : [0.4075942155804077, 0.25, 0.25, 0.25, 0.25]
overall_misclassification_rate_train : [0.03952783228752621, 0.061258034137434025, 0.06483902979455436, 0.06446289079876866, 0.0535418392709196]
statistical_parity_train : [0.01428136836369348, 0.0, 0.0, 0.0, 0.0]
predictive_equality_train : [0.04454839356492071, 0.0, 0.0, 0.0, 0.0]
equal_opportunity_train : [0.06853024697047505, 0.0, 0.0, 0.0, 0.0]
max_equalized_odds_train : [0.06853024697047505, 0.0, 0.0, 0.0, 0.0]
mean_equalized_odds_train : [0.04779100684504462, 0.0, 0.0, 0.0, 0.0]
overall_misclassification_rate_test : [0.04968289399092973, 0.07222557433740692, 0.04908855207195684, 0.05031892591105758, 0.09461678427195663]
statistical_parity_test : [0.027826495181405897, 0.0, 0.0, 0.0, 0.0]
predictive_equality_test : [0.06468358321095591, 0.0, 0.0, 0.0, 0.0]
equal_opportunity_test : [0.033333333333333326, 0.0, 0.0, 0.0, 0.0]
max_equalized_odds_test : [0.06468358321095591, 0.0, 0.0, 0.0, 0.0]
mean_equalized_odds_test : [0.055249293645149154, 0.0, 0.0, 0.0, 0.0]
end
