dataset : data/customer.csv
labels_name : ['A', 'B', 'C', 'D']
s : 3.0
eod : 0.15
a : 1.0
sensitive_groups : ['Gender == Female']
sensitive_labels : ['A', 'B', 'C', 'D']
time_limit : 3600
lambda_bound : 9
n_folds : 5
nb_samples : 4765
nb_features : 33
nb_labels : 4
optimality_gap : [0.9901519971907109, 0.9931849292593503, 0.987808332774547, 0.984260139270156, 0.9905378539030183]
execution_time : [3600.169930934906, 3600.1536169052124, 3600.125210046768, 3600.0678899288177, 3600.111690044403]
objective_function : [0.7093607904861847, 0.7075244840853453, 0.6090197621545987, 0.466378104232247, 0.7151320391745374]
sparsity : [1, 1, 7, 10, 1]
accuracy_train : [0.2906610703043022, 0.29249737670514164, 0.3911332633788038, 0.5445960125918153, 0.2848898216159496]
balanced_accuracy_train : [0.25, 0.25, 0.37103539743482533, 0.503356068083252, 0.25]
accuracy_test : [0.2812172088142707, 0.2738719832109129, 0.36096537250786986, 0.5519412381951732, 0.304302203567681]
balanced_accuracy_test : [0.25, 0.25, 0.3354611825136784, 0.5024520198683003, 0.25]
overall_misclassification_rate_train : [0.06429401611111296, 0.061258034137434025, 0.044611802301224635, 0.04801019591095926, 0.0535418392709196]
statistical_parity_train : [0.0, 0.0, 0.033447786807555335, 0.013710208366696897, 0.0]
predictive_equality_train : [0.0, 0.0, 0.04728108638356715, 0.039287938098991115, 0.0]
equal_opportunity_train : [0.0, 0.0, 0.12358306642528899, 0.040861030731006664, 0.0]
max_equalized_odds_train : [0.0, 0.0, 0.12358306642528899, 0.040861030731006664, 0.0]
mean_equalized_odds_train : [0.0, 0.0, 0.04231526270241526, 0.03639220838860812, 0.0]
overall_misclassification_rate_test : [0.050719246031746046, 0.07222557433740692, 0.05207195688269711, 0.03933270886301797, 0.09461678427195663]
statistical_parity_test : [0.0, 0.0, 0.050442627172069654, 0.05343235648333999, 0.0]
predictive_equality_test : [0.0, 0.0, 0.07011104439238502, 0.049136430579729544, 0.0]
equal_opportunity_test : [0.0, 0.0, 0.08354227794078423, 0.09339549339549336, 0.0]
max_equalized_odds_test : [0.0, 0.0, 0.08354227794078423, 0.09339549339549336, 0.0]
mean_equalized_odds_test : [0.0, 0.0, 0.05102094628393883, 0.0458720939158549, 0.0]
end
