dataset : data/customer.csv
labels_name : ['A', 'B', 'C', 'D']
s : 3.0
eod : 0.2
a : 1.0
sensitive_groups : ['Gender == Female']
sensitive_labels : ['A', 'B', 'C', 'D']
time_limit : 3600
lambda_bound : 9
n_folds : 5
nb_samples : 4765
nb_features : 33
nb_labels : 4
optimality_gap : [0.9847475932267201, 0.9878044558439264, 0.9871475915764519, 0.9885227889073391, 0.9898174843193003]
execution_time : [3600.0112590789795, 3600.1524918079376, 3600.030466079712, 3600.127202987671, 3600.1488180160522]
objective_function : [0.45087880377754275, 0.7075244840853453, 0.711984085344527, 0.5862845400489671, 0.6707764952780695]
sparsity : [9, 1, 1, 11, 12]
accuracy_train : [0.5760755508919203, 0.29249737670514164, 0.28803777544596015, 0.44832109129066106, 0.34548793284365165]
balanced_accuracy_train : [0.5431705434501721, 0.25, 0.25, 0.41977362918480454, 0.3506814329188729]
accuracy_test : [0.546694648478489, 0.2738719832109129, 0.291710388247639, 0.4732423924449108, 0.33997901364113325]
balanced_accuracy_test : [0.5188824945116708, 0.25, 0.25, 0.4335132335547813, 0.3468057724567039]
overall_misclassification_rate_train : [0.03224116969934021, 0.061258034137434025, 0.06483902979455436, 0.07018252104129968, 0.033420637678060805]
statistical_parity_train : [0.023298042217846593, 0.0, 0.0, 0.051725786935710616, 0.04092725231846486]
predictive_equality_train : [0.02807510589768654, 0.0, 0.0, 0.08372866927635558, 0.03267892895423383]
equal_opportunity_train : [0.04982285573041123, 0.0, 0.0, 0.11823883114763019, 0.06686363734391512]
max_equalized_odds_train : [0.04982285573041123, 0.0, 0.0, 0.11823883114763019, 0.06686363734391512]
mean_equalized_odds_train : [0.03371172101697615, 0.0, 0.0, 0.06540890116090663, 0.035885625396119426]
overall_misclassification_rate_test : [0.026435834750566906, 0.07222557433740692, 0.04908855207195684, 0.08755073821312281, 0.03740735809701323]
statistical_parity_test : [0.04668898809523808, 0.0, 0.0, 0.06650162808332219, 0.05631296320951493]
predictive_equality_test : [0.023204705578178497, 0.0, 0.0, 0.10578158078888861, 0.024946835715631666]
equal_opportunity_test : [0.13230144277910072, 0.0, 0.0, 0.09093692590324554, 0.10959595959595961]
max_equalized_odds_test : [0.13230144277910072, 0.0, 0.0, 0.10578158078888861, 0.10959595959595961]
mean_equalized_odds_test : [0.03610412400723625, 0.0, 0.0, 0.0763469168929867, 0.04257137522614963]
end
