dataset : data/customer.csv
labels_name : ['A', 'B', 'C', 'D']
s : 3.0
eod : 0.3
a : 1.0
sensitive_groups : ['Gender == Female']
sensitive_labels : ['A', 'B', 'C', 'D']
time_limit : 3600
lambda_bound : 9
n_folds : 5
nb_samples : 4765
nb_features : 33
nb_labels : 4
optimality_gap : [0.9861068741143885, 0.9931852356613401, 0.9889670189493427, 0.9903944279404053, 0.9895663419977814]
execution_time : [3600.2982518672943, 3600.13476395607, 3600.0796959400177, 3600.1581749916077, 3600.009094953537]
objective_function : [0.49230500174886094, 0.7075244840853453, 0.711984085344527, 0.629328436516264, 0.7151320391745374]
sparsity : [8, 1, 1, 12, 1]
accuracy_train : [0.5078698845750262, 0.29249737670514164, 0.28803777544596015, 0.40818467995802726, 0.2848898216159496]
balanced_accuracy_train : [0.46362710156236436, 0.25, 0.25, 0.4024700475580497, 0.25]
accuracy_test : [0.4690451206715635, 0.2738719832109129, 0.291710388247639, 0.4249737670514166, 0.304302203567681]
balanced_accuracy_test : [0.43811477440773705, 0.25, 0.25, 0.42989414062546605, 0.25]
overall_misclassification_rate_train : [0.11180720152709012, 0.061258034137434025, 0.06483902979455436, 0.05082385807576645, 0.0535418392709196]
statistical_parity_train : [0.07471419991018427, 0.0, 0.0, 0.03562563390807666, 0.0]
predictive_equality_train : [0.12529506931416473, 0.0, 0.0, 0.09151256003518289, 0.0]
equal_opportunity_train : [0.1526854253624238, 0.0, 0.0, 0.14371691560740407, 0.0]
max_equalized_odds_train : [0.1526854253624238, 0.0, 0.0, 0.14371691560740407, 0.0]
mean_equalized_odds_train : [0.0959682932950804, 0.0, 0.0, 0.06828633827401832, 0.0]
overall_misclassification_rate_test : [0.10862209467120182, 0.07222557433740692, 0.04908855207195684, 0.013176323654043448, 0.09461678427195663]
statistical_parity_test : [0.10485756802721088, 0.0, 0.0, 0.07284446228645347, 0.0]
predictive_equality_test : [0.11140329906765478, 0.0, 0.0, 0.08913750188231334, 0.0]
equal_opportunity_test : [0.19316239316239317, 0.0, 0.0, 0.15485625485625487, 0.0]
max_equalized_odds_test : [0.19316239316239317, 0.0, 0.0, 0.15485625485625487, 0.0]
mean_equalized_odds_test : [0.10656763427603742, 0.0, 0.0, 0.09952703053621671, 0.0]
end
