dataset : data/customer.csv
labels_name : ['A', 'B', 'C', 'D']
s : 3.0
eod : 0.4
a : 1.0
sensitive_groups : ['Gender == Female']
sensitive_labels : ['A', 'B', 'C', 'D']
time_limit : 3600
lambda_bound : 9
n_folds : 5
nb_samples : 4765
nb_features : 33
nb_labels : 4
optimality_gap : [0.9932140062059035, 0.9906993125073909, 0.9890110537109817, 0.9852670572357975, 0.9860513829822088]
execution_time : [3600.1198110580444, 3600.145740032196, 3600.010419845581, 3600.009281873703, 3600.0854840278625]
objective_function : [0.7093607904861847, 0.7075244840853453, 0.5652981811822302, 0.43540136411332464, 0.5130727527107359]
sparsity : [1, 1, 11, 9, 10]
accuracy_train : [0.2906610703043022, 0.29249737670514164, 0.45146904512067154, 0.5647953830010494, 0.48714585519412384]
balanced_accuracy_train : [0.25, 0.25, 0.4221684704246019, 0.5235659544996357, 0.4619428566676247]
accuracy_test : [0.2812172088142707, 0.2738719832109129, 0.4648478488982162, 0.565582371458552, 0.49213011542497376]
balanced_accuracy_test : [0.25, 0.25, 0.4396165168728, 0.5180007859144374, 0.4552133107278591]
overall_misclassification_rate_train : [0.06429401611111296, 0.061258034137434025, 0.04641642785464456, 0.03965706685172335, 0.039431719984677205]
statistical_parity_train : [0.0, 0.0, 0.07079571377074334, 0.014532064627484464, 0.0766262661357137]
predictive_equality_train : [0.0, 0.0, 0.07842590534757071, 0.03742701071598081, 0.07055989565737904]
equal_opportunity_train : [0.0, 0.0, 0.07569271067818117, 0.04613270845274625, 0.10523432343234324]
max_equalized_odds_train : [0.0, 0.0, 0.07842590534757071, 0.04613270845274625, 0.10523432343234324]
mean_equalized_odds_train : [0.0, 0.0, 0.07771536077323571, 0.03667051694328223, 0.07444014708998264]
overall_misclassification_rate_test : [0.050719246031746046, 0.07222557433740692, 0.042921960878328586, 0.03933270886301797, 0.028580304442373416]
statistical_parity_test : [0.0, 0.0, 0.05537057261838174, 0.0710022748561488, 0.09428393911152533]
predictive_equality_test : [0.0, 0.0, 0.08044802930506145, 0.049136430579729544, 0.05688509021842354]
equal_opportunity_test : [0.0, 0.0, 0.11864893999281356, 0.10738150738150731, 0.07727272727272727]
max_equalized_odds_test : [0.0, 0.0, 0.11864893999281356, 0.10738150738150731, 0.07727272727272727]
mean_equalized_odds_test : [0.0, 0.0, 0.06732548777573566, 0.06121967857112552, 0.06171755211301381]
end
