dataset : data/customer.csv
labels_name : ['A', 'B', 'C', 'D']
s : 3.0
eod : 0.5
a : 1.0
sensitive_groups : ['Gender == Female']
sensitive_labels : ['A', 'B', 'C', 'D']
time_limit : 3600
lambda_bound : 9
n_folds : 5
nb_samples : 4765
nb_features : 33
nb_labels : 4
optimality_gap : [0.9889280877708784, 0.9931783848367012, 0.9859523878561398, 0.9834207455730033, 0.9895616263177331]
execution_time : [3600.010015964508, 3600.1864190101624, 3600.173403978348, 3600.188418865204, 3600.1136071681976]
objective_function : [0.7093607904861847, 0.7075244840853453, 0.5299055613850977, 0.44797131864288026, 0.7151320391745374]
sparsity : [1, 1, 12, 8, 1]
accuracy_train : [0.2906610703043022, 0.29249737670514164, 0.48819517313746064, 0.5522035676810073, 0.2848898216159496]
balanced_accuracy_train : [0.25, 0.25, 0.460010346503376, 0.5144652266898644, 0.25]
accuracy_test : [0.2812172088142707, 0.2738719832109129, 0.540398740818468, 0.5571878279118573, 0.304302203567681]
balanced_accuracy_test : [0.25, 0.25, 0.49608673568974937, 0.5121973744945187, 0.25]
overall_misclassification_rate_train : [0.06429401611111296, 0.061258034137434025, 0.13066652562955205, 0.07028706026797632, 0.0535418392709196]
statistical_parity_train : [0.0, 0.0, 0.26568970628556954, 0.06299711738643038, 0.0]
predictive_equality_train : [0.0, 0.0, 0.2128948954627649, 0.10610606251932228, 0.0]
equal_opportunity_train : [0.0, 0.0, 0.41401383374943723, 0.07849170463117261, 0.0]
max_equalized_odds_train : [0.0, 0.0, 0.41401383374943723, 0.10610606251932228, 0.0]
mean_equalized_odds_train : [0.0, 0.0, 0.2569482376221441, 0.08752929004143593, 0.0]
overall_misclassification_rate_test : [0.050719246031746046, 0.07222557433740692, 0.06511991333919359, 0.050680226593514455, 0.09461678427195663]
statistical_parity_test : [0.0, 0.0, 0.26106123971124906, 0.07191667781792233, 0.0]
predictive_equality_test : [0.0, 0.0, 0.19301838345331673, 0.07420672111393761, 0.0]
equal_opportunity_test : [0.0, 0.0, 0.404599353215954, 0.07403551745254133, 0.0]
max_equalized_odds_test : [0.0, 0.0, 0.404599353215954, 0.07420672111393761, 0.0]
mean_equalized_odds_test : [0.0, 0.0, 0.24541409055088487, 0.07416055181595352, 0.0]
end
