dataset : data/customer.csv
labels_name : ['A', 'B', 'C', 'D']
s : 3.0
eod : 0.6
a : 1.0
sensitive_groups : ['Gender == Female']
sensitive_labels : ['A', 'B', 'C', 'D']
time_limit : 3600
lambda_bound : 9
n_folds : 5
nb_samples : 4765
nb_features : 33
nb_labels : 4
optimality_gap : [0.9899474251890452, 0.9931849292593503, 0.9889372487008892, 0.9863305088356045, 0.9872516115292973]
execution_time : [3600.010854959488, 3600.2116351127625, 3600.0340650081635, 3600.1516029834747, 3600.1182839870453]
objective_function : [0.4760842952081126, 0.7075244840853453, 0.44464847848898037, 0.485528156698144, 0.5181007345225583]
sparsity : [10, 1, 12, 10, 12]
accuracy_train : [0.549317943336831, 0.29249737670514164, 0.5626967471143757, 0.5146904512067156, 0.5710912906610703]
balanced_accuracy_train : [0.51028146994666, 0.25, 0.531775424295762, 0.4818718622180914, 0.5410636808184999]
accuracy_test : [0.540398740818468, 0.2738719832109129, 0.577124868835257, 0.5141657922350472, 0.5645330535152151]
balanced_accuracy_test : [0.5112517733093922, 0.25, 0.5416089101394015, 0.4674107511470492, 0.5267914682825952]
overall_misclassification_rate_train : [0.03768081542869178, 0.061258034137434025, 0.02616999333321271, 0.054728509404081915, 0.03398187989416575]
statistical_parity_train : [0.03758163925949945, 0.0, 0.028921330518158317, 0.1030378654424456, 0.029664546418294746]
predictive_equality_train : [0.038304487910192364, 0.0, 0.02731815800152068, 0.07841073226244145, 0.03723127793394947]
equal_opportunity_train : [0.056981605351170576, 0.0, 0.062042692939244665, 0.18933993578930183, 0.036919972537133416]
max_equalized_odds_train : [0.056981605351170576, 0.0, 0.062042692939244665, 0.18933993578930183, 0.03723127793394947]
mean_equalized_odds_train : [0.034993976757917204, 0.0, 0.02779410639771583, 0.10073043297206945, 0.03715116497637431]
overall_misclassification_rate_test : [0.016630350056689336, 0.07222557433740692, 0.05785674329399859, 0.041612025514072865, 0.05429370256956462]
statistical_parity_test : [0.026639562074829926, 0.0, 0.02790282624330731, 0.09599446897720683, 0.05391204011893666]
predictive_equality_test : [0.013467488971811737, 0.0, 0.06406407252983315, 0.08197851799222636, 0.04522670312143996]
equal_opportunity_test : [0.05982905982905978, 0.0, 0.07948257276320514, 0.1511627906976744, 0.08058840090090091]
max_equalized_odds_test : [0.05982905982905978, 0.0, 0.07948257276320514, 0.1511627906976744, 0.08058840090090091]
mean_equalized_odds_test : [0.017093980101535115, 0.0, 0.06171597183283944, 0.09577181475406805, 0.04755795207005761]
end
