dataset : data/customer.csv
labels_name : ['A', 'B', 'C', 'D']
s : 3.0
eod : 0.7
a : 1.0
sensitive_groups : ['Gender == Female']
sensitive_labels : ['A', 'B', 'C', 'D']
time_limit : 3600
lambda_bound : 9
n_folds : 5
nb_samples : 4765
nb_features : 33
nb_labels : 4
optimality_gap : [0.9932139088582168, 0.9931778582750137, 0.988301394674987, 0.9903822324316001, 0.9881671744871148]
execution_time : [3600.175975084305, 3600.010097026825, 3600.021290063858, 3600.009610891342, 3600.1766538619995]
objective_function : [0.7093607904861847, 0.7075244840853453, 0.6515171388597412, 0.5067112626792563, 0.5767969569779631]
sparsity : [1, 1, 7, 7, 9]
accuracy_train : [0.2906610703043022, 0.29249737670514164, 0.34942287513116477, 0.4934417628541448, 0.44464847848898215]
balanced_accuracy_train : [0.25, 0.25, 0.31078355257136653, 0.45353702332057844, 0.40850686480905296]
accuracy_test : [0.2812172088142707, 0.2738719832109129, 0.35362014690451204, 0.5246589716684156, 0.47429171038824763]
balanced_accuracy_test : [0.25, 0.25, 0.3154628454401348, 0.46927054275096225, 0.4211702050291315]
overall_misclassification_rate_train : [0.06429401611111296, 0.061258034137434025, 0.03520035853119119, 0.06323399882560188, 0.11090992507861847]
statistical_parity_train : [0.0, 0.0, 0.04254579414798043, 0.0889328546771295, 0.24516374018939696]
predictive_equality_train : [0.0, 0.0, 0.04347003855666362, 0.087454090380758, 0.21158759640106045]
equal_opportunity_train : [0.0, 0.0, 0.029345557238161513, 0.161595131326073, 0.34946623821950007]
max_equalized_odds_train : [0.0, 0.0, 0.04347003855666362, 0.161595131326073, 0.34946623821950007]
mean_equalized_odds_train : [0.0, 0.0, 0.039798118046003715, 0.08851860377436387, 0.2465274620874751]
overall_misclassification_rate_test : [0.050719246031746046, 0.07222557433740692, 0.05656038287028409, 0.05390516972211071, 0.09203390582700932]
statistical_parity_test : [0.0, 0.0, 0.011338714117009846, 0.057281769927293814, 0.22457284871077973]
predictive_equality_test : [0.0, 0.0, 0.01769927089570633, 0.07059177935466594, 0.18608736942070275]
equal_opportunity_test : [0.0, 0.0, 0.032755401440384135, 0.16635586635586636, 0.3431869369369369]
max_equalized_odds_test : [0.0, 0.0, 0.032755401440384135, 0.16635586635586636, 0.3431869369369369]
mean_equalized_odds_test : [0.0, 0.0, 0.022091300582401434, 0.054147670120638765, 0.22548589684607523]
end
