dataset : data/customer.csv
labels_name : ['A', 'B', 'C', 'D']
s : 3.0
eod : 1.0
a : 1.0
sensitive_groups : ['Gender == Female']
sensitive_labels : ['A', 'B', 'C', 'D']
time_limit : 3600
lambda_bound : 9
n_folds : 5
nb_samples : 4765
nb_features : 33
nb_labels : 4
optimality_gap : [0.9909817053903097, 0.9884641788812181, 0.9830777875772735, 0.9899369504760848, 0.9849084833566873]
execution_time : [3600.1059019565582, 3600.0086901187897, 3600.0079810619354, 3600.006155014038, 3600.0448269844055]
objective_function : [0.7093607904861847, 0.48871983210912684, 0.48213973417278555, 0.7122464148303611, 0.44405823714585335]
sparsity : [1, 12, 11, 1, 9]
accuracy_train : [0.2906610703043022, 0.5338405036726128, 0.5697796432318992, 0.28777544596012594, 0.5561385099685204]
balanced_accuracy_train : [0.25, 0.5012228428209753, 0.5397305109155746, 0.25, 0.5254454194920888]
accuracy_test : [0.2812172088142707, 0.527806925498426, 0.6065057712486883, 0.29275970619097585, 0.5435466946484785]
balanced_accuracy_test : [0.25, 0.5096602161726166, 0.5582175073242945, 0.25, 0.5047969942980342]
overall_misclassification_rate_train : [0.06429401611111296, 0.05196664804281653, 0.04034505843529529, 0.06446289079876866, 0.03657873871947688]
statistical_parity_train : [0.0, 0.032343049654071004, 0.04658316712758892, 0.0, 0.029348290883822847]
predictive_equality_train : [0.0, 0.07974515678843319, 0.043401223781570686, 0.0, 0.038987198414463964]
equal_opportunity_train : [0.0, 0.0466431840712071, 0.04886014816027506, 0.0, 0.042211598037409814]
max_equalized_odds_train : [0.0, 0.07974515678843319, 0.04886014816027506, 0.0, 0.042211598037409814]
mean_equalized_odds_train : [0.0, 0.06513905533166402, 0.04482037227561477, 0.0, 0.03981698226286635]
overall_misclassification_rate_test : [0.050719246031746046, 0.07931304653236193, 0.02897720714241317, 0.05031892591105758, 0.03569875294013222]
statistical_parity_test : [0.0, 0.04704568582775731, 0.01655079335482096, 0.0, 0.04156570363466916]
predictive_equality_test : [0.0, 0.10427292687046108, 0.050403296819414606, 0.0, 0.04596719070403281]
equal_opportunity_test : [0.0, 0.10790741236285784, 0.03988501616960116, 0.0, 0.0740427927927928]
max_equalized_odds_test : [0.0, 0.10790741236285784, 0.050403296819414606, 0.0, 0.0740427927927928]
mean_equalized_odds_test : [0.0, 0.08245855378593436, 0.03734944426291458, 0.0, 0.05027647422289018]
end
