dataset : data/customer.csv
labels_name : ['A', 'B', 'C', 'D']
s : 5.0
eod : 0.01
a : 1.0
sensitive_groups : ['Gender == Female']
sensitive_labels : ['A', 'B', 'C', 'D']
time_limit : 3600
lambda_bound : 9
n_folds : 5
nb_samples : 4765
nb_features : 33
nb_labels : 4
optimality_gap : [0.9907401880045082, 0.9910702362990084, 0.9888843379774432, 0.9913298170516801, 0.9931992550421435]
execution_time : [3600.612895011902, 3600.36772108078, 3600.0747888088226, 3600.0106267929077, 3600.172115087509]
objective_function : [0.7091421825813229, 0.7075157397691508, 0.7119753410283325, 0.7110965372507878, 0.7151232948583429]
sparsity : [5, 1, 1, 14, 1]
accuracy_train : [0.2909233997901364, 0.29249737670514164, 0.28803777544596015, 0.28908709338929695, 0.2848898216159496]
balanced_accuracy_train : [0.2502609603340292, 0.25, 0.25, 0.25128233508316994, 0.25]
accuracy_test : [0.2812172088142707, 0.2738719832109129, 0.291710388247639, 0.29275970619097585, 0.304302203567681]
balanced_accuracy_test : [0.25, 0.25, 0.25, 0.2502052642382328, 0.25]
overall_misclassification_rate_train : [0.06252723165881613, 0.061258034137434025, 0.06483902979455436, 0.060966387302265224, 0.0535418392709196]
statistical_parity_train : [0.0017667844522968323, 0.0, 0.0, 0.0034965034965035446, 0.0]
predictive_equality_train : [0.002371541501976271, 0.0, 0.0, 0.004676539360872978, 0.0]
equal_opportunity_train : [0.002277904328018223, 0.0, 0.0, 0.006726457399103139, 0.0]
max_equalized_odds_train : [0.002371541501976271, 0.0, 0.0, 0.006726457399103139, 0.0]
mean_equalized_odds_train : [0.0017618020189406462, 0.0, 0.0, 0.003330746160747674, 0.0]
overall_misclassification_rate_test : [0.04845167233560088, 0.07222557433740692, 0.04908855207195684, 0.047954859717204146, 0.09461678427195663]
statistical_parity_test : [0.0022675736961451642, 0.0, 0.0, 0.007092198581560294, 0.0]
predictive_equality_test : [0.0030864197530864196, 0.0, 0.0, 0.006430868167202619, 0.0]
equal_opportunity_test : [0.0, 0.0, 0.0, 0.00909090909090909, 0.0]
max_equalized_odds_test : [0.0030864197530864196, 0.0, 0.0, 0.00909090909090909, 0.0]
mean_equalized_odds_test : [0.002286476753073465, 0.0, 0.0, 0.007162095040153185, 0.0]
end
