dataset : data/customer.csv
labels_name : ['A', 'B', 'C', 'D']
s : 5.0
eod : 0.02
a : 1.0
sensitive_groups : ['Gender == Female']
sensitive_labels : ['A', 'B', 'C', 'D']
time_limit : 3600
lambda_bound : 9
n_folds : 5
nb_samples : 4765
nb_features : 33
nb_labels : 4
optimality_gap : [0.9907158736904785, 0.9903548824888722, 0.993095867000054, 0.9907940798285424, 0.9896931313988081]
execution_time : [3600.141590118408, 3600.009514093399, 3600.103224992752, 3600.266772031784, 3600.009460926056]
objective_function : [0.7093520461699903, 0.7075157397691508, 0.7095487932843659, 0.7122376705141666, 0.7151232948583429]
sparsity : [1, 1, 16, 1, 1]
accuracy_train : [0.2906610703043022, 0.29249737670514164, 0.2906610703043022, 0.28777544596012594, 0.2848898216159496]
balanced_accuracy_train : [0.25, 0.25, 0.2526561480749808, 0.25, 0.25]
accuracy_test : [0.2812172088142707, 0.2738719832109129, 0.28961175236096537, 0.29275970619097585, 0.304302203567681]
balanced_accuracy_test : [0.25, 0.25, 0.24820143884892087, 0.25, 0.25]
overall_misclassification_rate_train : [0.06429401611111296, 0.061258034137434025, 0.06405571708325963, 0.06446289079876866, 0.0535418392709196]
statistical_parity_train : [0.0, 0.0, 0.0012849223437584813, 0.0, 0.0]
predictive_equality_train : [0.0, 0.0, 0.0006257068498003449, 0.0, 0.0]
equal_opportunity_train : [0.0, 0.0, 0.0056743819542879395, 0.0, 0.0]
max_equalized_odds_train : [0.0, 0.0, 0.0056743819542879395, 0.0, 0.0]
mean_equalized_odds_train : [0.0, 0.0, 0.001652853995237371, 0.0, 0.0]
overall_misclassification_rate_test : [0.050719246031746046, 0.07222557433740692, 0.046784404606519114, 0.05031892591105758, 0.09461678427195663]
statistical_parity_test : [0.0, 0.0, 0.003058877849107189, 0.0, 0.0]
predictive_equality_test : [0.0, 0.0, 0.003757029662418676, 0.0, 0.0]
equal_opportunity_test : [0.0, 0.0, 0.0025606828487596545, 0.0, 0.0]
max_equalized_odds_test : [0.0, 0.0, 0.003757029662418676, 0.0, 0.0]
mean_equalized_odds_test : [0.0, 0.0, 0.0031980874479066064, 0.0, 0.0]
end
