dataset : data/customer.csv
labels_name : ['A', 'B', 'C', 'D']
s : 5.0
eod : 0.04
a : 1.0
sensitive_groups : ['Gender == Female']
sensitive_labels : ['A', 'B', 'C', 'D']
time_limit : 3600
lambda_bound : 9
n_folds : 5
nb_samples : 4765
nb_features : 33
nb_labels : 4
optimality_gap : [0.9907899503132641, 0.9877730976638771, 0.9884889485617239, 0.9901660325191483, 0.9891187784737382]
execution_time : [3600.2868599891663, 3600.0914878845215, 3600.091958999634, 3600.0602850914, 3600.08136510849]
objective_function : [0.7091421825813229, 0.7075157397691508, 0.7119753410283325, 0.7122376705141666, 0.7151232948583429]
sparsity : [5, 1, 1, 1, 1]
accuracy_train : [0.2909233997901364, 0.29249737670514164, 0.28803777544596015, 0.28777544596012594, 0.2848898216159496]
balanced_accuracy_train : [0.2502609603340292, 0.25, 0.25, 0.25, 0.25]
accuracy_test : [0.2812172088142707, 0.2738719832109129, 0.291710388247639, 0.29275970619097585, 0.304302203567681]
balanced_accuracy_test : [0.25, 0.25, 0.25, 0.25, 0.25]
overall_misclassification_rate_train : [0.06252723165881613, 0.061258034137434025, 0.06483902979455436, 0.06446289079876866, 0.0535418392709196]
statistical_parity_train : [0.0017667844522968323, 0.0, 0.0, 0.0, 0.0]
predictive_equality_train : [0.002371541501976271, 0.0, 0.0, 0.0, 0.0]
equal_opportunity_train : [0.002277904328018223, 0.0, 0.0, 0.0, 0.0]
max_equalized_odds_train : [0.002371541501976271, 0.0, 0.0, 0.0, 0.0]
mean_equalized_odds_train : [0.0017618020189406462, 0.0, 0.0, 0.0, 0.0]
overall_misclassification_rate_test : [0.04845167233560088, 0.07222557433740692, 0.04908855207195684, 0.05031892591105758, 0.09461678427195663]
statistical_parity_test : [0.0022675736961451642, 0.0, 0.0, 0.0, 0.0]
predictive_equality_test : [0.0030864197530864196, 0.0, 0.0, 0.0, 0.0]
equal_opportunity_test : [0.0, 0.0, 0.0, 0.0, 0.0]
max_equalized_odds_test : [0.0030864197530864196, 0.0, 0.0, 0.0, 0.0]
mean_equalized_odds_test : [0.002286476753073465, 0.0, 0.0, 0.0, 0.0]
end
