dataset : data/customer.csv
labels_name : ['A', 'B', 'C', 'D']
s : 5.0
eod : 0.05
a : 1.0
sensitive_groups : ['Gender == Female']
sensitive_labels : ['A', 'B', 'C', 'D']
time_limit : 3600
lambda_bound : 9
n_folds : 5
nb_samples : 4765
nb_features : 33
nb_labels : 4
optimality_gap : [0.9903826223209803, 0.9932265423073909, 0.9931396533859096, 0.9914566792770033, 0.9914938939622371]
execution_time : [3600.245959043503, 3600.3152549266815, 3600.1533370018005, 3600.1599299907684, 3600.1879618167877]
objective_function : [0.7093520461699903, 0.7075157397691508, 0.7117917103882485, 0.7122376705141666, 0.7151232948583429]
sparsity : [1, 1, 7, 1, 1]
accuracy_train : [0.2906610703043022, 0.29249737670514164, 0.2883001049317943, 0.28777544596012594, 0.2848898216159496]
balanced_accuracy_train : [0.25, 0.25, 0.2502653927813164, 0.25, 0.25]
accuracy_test : [0.2812172088142707, 0.2738719832109129, 0.29275970619097585, 0.29275970619097585, 0.304302203567681]
balanced_accuracy_test : [0.25, 0.25, 0.2510018601088711, 0.25, 0.25]
overall_misclassification_rate_train : [0.06429401611111296, 0.061258034137434025, 0.06425251953062472, 0.06446289079876866, 0.0535418392709196]
statistical_parity_train : [0.0, 0.0, 0.0005865102639296405, 0.0, 0.0]
predictive_equality_train : [0.0, 0.0, 0.0007843137254901489, 0.0, 0.0]
equal_opportunity_train : [0.0, 0.0, 0.002277904328018223, 0.0, 0.0]
max_equalized_odds_train : [0.0, 0.0, 0.002277904328018223, 0.0, 0.0]
mean_equalized_odds_train : [0.0, 0.0, 0.0005629029058219218, 0.0, 0.0]
overall_misclassification_rate_test : [0.050719246031746046, 0.07222557433740692, 0.046784404606519114, 0.05031892591105758, 0.09461678427195663]
statistical_parity_test : [0.0, 0.0, 0.00691244239631339, 0.0, 0.0]
predictive_equality_test : [0.0, 0.0, 0.006269592476489061, 0.0, 0.0]
equal_opportunity_test : [0.0, 0.0, 0.017094017094017096, 0.0, 0.0]
max_equalized_odds_test : [0.0, 0.0, 0.017094017094017096, 0.0, 0.0]
mean_equalized_odds_test : [0.0, 0.0, 0.007001450836459658, 0.0, 0.0]
end
