dataset : data/customer.csv
labels_name : ['A', 'B', 'C', 'D']
s : 5.0
eod : 0.06
a : 1.0
sensitive_groups : ['Gender == Female']
sensitive_labels : ['A', 'B', 'C', 'D']
time_limit : 3600
lambda_bound : 9
n_folds : 5
nb_samples : 4765
nb_features : 33
nb_labels : 4
optimality_gap : [0.9900098185010324, 0.9905333200613355, 0.9895688829736634, 0.9907526417564895, 0.9918730192155361]
execution_time : [3600.2954499721527, 3600.0098950862885, 3600.114548921585, 3600.0118939876556, 3600.0151710510254]
objective_function : [0.7093520461699903, 0.7075157397691508, 0.7119753410283325, 0.7122376705141666, 0.6014034627492121]
sparsity : [1, 1, 1, 1, 11]
accuracy_train : [0.2906610703043022, 0.29249737670514164, 0.28803777544596015, 0.28777544596012594, 0.5634837355718783]
balanced_accuracy_train : [0.25, 0.25, 0.25, 0.25, 0.5347969690829022]
accuracy_test : [0.2812172088142707, 0.2738719832109129, 0.291710388247639, 0.29275970619097585, 0.5624344176285414]
balanced_accuracy_test : [0.25, 0.25, 0.25, 0.25, 0.5259573461049861]
overall_misclassification_rate_train : [0.06429401611111296, 0.061258034137434025, 0.06483902979455436, 0.06446289079876866, 0.028419568645268206]
statistical_parity_train : [0.0, 0.0, 0.0, 0.0, 0.020763734844232995]
predictive_equality_train : [0.0, 0.0, 0.0, 0.0, 0.030134285194248378]
equal_opportunity_train : [0.0, 0.0, 0.0, 0.0, 0.02341460555620678]
max_equalized_odds_train : [0.0, 0.0, 0.0, 0.0, 0.030134285194248378]
mean_equalized_odds_train : [0.0, 0.0, 0.0, 0.0, 0.02840500772181427]
overall_misclassification_rate_test : [0.050719246031746046, 0.07222557433740692, 0.04908855207195684, 0.05031892591105758, 0.04850219677805884]
statistical_parity_test : [0.0, 0.0, 0.0, 0.0, 0.06338703235254958]
predictive_equality_test : [0.0, 0.0, 0.0, 0.0, 0.023551756885090203]
equal_opportunity_test : [0.0, 0.0, 0.0, 0.0, 0.049338400900900914]
max_equalized_odds_test : [0.0, 0.0, 0.0, 0.0, 0.049338400900900914]
mean_equalized_odds_test : [0.0, 0.0, 0.0, 0.0, 0.030018711680241054]
end
