dataset : data/customer.csv
labels_name : ['A', 'B', 'C', 'D']
s : 5.0
eod : 0.07
a : 1.0
sensitive_groups : ['Gender == Female']
sensitive_labels : ['A', 'B', 'C', 'D']
time_limit : 3600
lambda_bound : 9
n_folds : 5
nb_samples : 4765
nb_features : 33
nb_labels : 4
optimality_gap : [0.9893089144251453, 0.9896984678197857, 0.9900007874536481, 0.9904833579628998, 0.9902788250986752]
execution_time : [3600.239977121353, 3600.362329006195, 3600.1601679325104, 3600.0081219673157, 3600.0096049308777]
objective_function : [0.7089323189926555, 0.7075157397691508, 0.7119753410283325, 0.7122376705141666, 0.7151232948583429]
sparsity : [9, 1, 1, 1, 1]
accuracy_train : [0.29118572927597064, 0.29249737670514164, 0.28803777544596015, 0.28777544596012594, 0.2848898216159496]
balanced_accuracy_train : [0.25052192066805845, 0.25, 0.25, 0.25, 0.25]
accuracy_test : [0.2812172088142707, 0.2738719832109129, 0.291710388247639, 0.29275970619097585, 0.304302203567681]
balanced_accuracy_test : [0.25, 0.25, 0.25, 0.25, 0.25]
overall_misclassification_rate_train : [0.06358919670645968, 0.061258034137434025, 0.06483902979455436, 0.06446289079876866, 0.0535418392709196]
statistical_parity_train : [0.0007048194046532785, 0.0, 0.0, 0.0, 0.0]
predictive_equality_train : [0.0008861006353225731, 0.0, 0.0, 0.0, 0.0]
equal_opportunity_train : [0.0003511220544151403, 0.0, 0.0, 0.0, 0.0]
max_equalized_odds_train : [0.0008861006353225731, 0.0, 0.0, 0.0, 0.0]
mean_equalized_odds_train : [0.0006829101267339579, 0.0, 0.0, 0.0, 0.0]
overall_misclassification_rate_test : [0.050719246031746046, 0.07222557433740692, 0.04908855207195684, 0.05031892591105758, 0.09461678427195663]
statistical_parity_test : [0.0, 0.0, 0.0, 0.0, 0.0]
predictive_equality_test : [0.0, 0.0, 0.0, 0.0, 0.0]
equal_opportunity_test : [0.0, 0.0, 0.0, 0.0, 0.0]
max_equalized_odds_test : [0.0, 0.0, 0.0, 0.0, 0.0]
mean_equalized_odds_test : [0.0, 0.0, 0.0, 0.0, 0.0]
end
