dataset : data/customer.csv
labels_name : ['A', 'B', 'C', 'D']
s : 5.0
eod : 0.08
a : 1.0
sensitive_groups : ['Gender == Female']
sensitive_labels : ['A', 'B', 'C', 'D']
time_limit : 3600
lambda_bound : 9
n_folds : 5
nb_samples : 4765
nb_features : 33
nb_labels : 4
optimality_gap : [0.9906427729563957, 0.9865401362604905, 0.9823984673844468, 0.9914674893081215, 0.9905166240868102]
execution_time : [3600.013573884964, 3600.01251411438, 3600.0106930732727, 3600.121953010559, 3600.167216062546]
objective_function : [0.7093520461699903, 0.5441631689401871, 0.4477570828961157, 0.7122376705141666, 0.7151232948583429]
sparsity : [1, 7, 17, 1, 1]
accuracy_train : [0.2906610703043022, 0.5763378803777545, 0.5697796432318992, 0.28777544596012594, 0.2848898216159496]
balanced_accuracy_train : [0.25, 0.5405650708665702, 0.5397305109155746, 0.25, 0.25]
accuracy_test : [0.2812172088142707, 0.5424973767051416, 0.6065057712486883, 0.29275970619097585, 0.304302203567681]
balanced_accuracy_test : [0.25, 0.5284801808246891, 0.5582175073242945, 0.25, 0.25]
overall_misclassification_rate_train : [0.06429401611111296, 0.031205634783245867, 0.04034505843529529, 0.06446289079876866, 0.0535418392709196]
statistical_parity_train : [0.0, 0.036391169686034175, 0.04658316712758892, 0.0, 0.0]
predictive_equality_train : [0.0, 0.045076989500698064, 0.043401223781570686, 0.0, 0.0]
equal_opportunity_train : [0.0, 0.03542637784480396, 0.04886014816027506, 0.0, 0.0]
max_equalized_odds_train : [0.0, 0.045076989500698064, 0.04886014816027506, 0.0, 0.0]
mean_equalized_odds_train : [0.0, 0.038813478961028575, 0.04482037227561477, 0.0, 0.0]
overall_misclassification_rate_test : [0.050719246031746046, 0.07222557433740692, 0.02897720714241317, 0.05031892591105758, 0.09461678427195663]
statistical_parity_test : [0.0, 0.014562188741095633, 0.01655079335482096, 0.0, 0.0]
predictive_equality_test : [0.0, 0.05124134436750549, 0.050403296819414606, 0.0, 0.0]
equal_opportunity_test : [0.0, 0.07459191865132453, 0.03988501616960116, 0.0, 0.0]
max_equalized_odds_test : [0.0, 0.07459191865132453, 0.050403296819414606, 0.0, 0.0]
mean_equalized_odds_test : [0.0, 0.04111164172561314, 0.03734944426291458, 0.0, 0.0]
end
