dataset : data/customer.csv
labels_name : ['A', 'B', 'C', 'D']
s : 5.0
eod : 0.09
a : 1.0
sensitive_groups : ['Gender == Female']
sensitive_labels : ['A', 'B', 'C', 'D']
time_limit : 3600
lambda_bound : 9
n_folds : 5
nb_samples : 4765
nb_features : 33
nb_labels : 4
optimality_gap : [0.9889656261806343, 0.9921908739481157, 0.989802656932542, 0.9886246507475736, 0.991183363119922]
execution_time : [3600.109032869339, 3600.131548166275, 3600.0633528232574, 3600.0144250392914, 3600.1788969039917]
objective_function : [0.7093520461699903, 0.7075157397691508, 0.7119753410283325, 0.6038300104931785, 0.7151232948583429]
sparsity : [1, 1, 1, 16, 1]
accuracy_train : [0.2906610703043022, 0.29249737670514164, 0.28803777544596015, 0.4590766002098636, 0.2848898216159496]
balanced_accuracy_train : [0.25, 0.25, 0.25, 0.42326329855161016, 0.25]
accuracy_test : [0.2812172088142707, 0.2738719832109129, 0.291710388247639, 0.46589716684155297, 0.304302203567681]
balanced_accuracy_test : [0.25, 0.25, 0.25, 0.4226412849169452, 0.25]
overall_misclassification_rate_train : [0.06429401611111296, 0.061258034137434025, 0.06483902979455436, 0.029917124859872968, 0.0535418392709196]
statistical_parity_train : [0.0, 0.0, 0.0, 0.03337025569849997, 0.0]
predictive_equality_train : [0.0, 0.0, 0.0, 0.028663632519080884, 0.0]
equal_opportunity_train : [0.0, 0.0, 0.0, 0.08990023396647756, 0.0]
max_equalized_odds_train : [0.0, 0.0, 0.0, 0.08990023396647756, 0.0]
mean_equalized_odds_train : [0.0, 0.0, 0.0, 0.033984543640163616, 0.0]
overall_misclassification_rate_test : [0.050719246031746046, 0.07222557433740692, 0.04908855207195684, 0.0451313617913377, 0.09461678427195663]
statistical_parity_test : [0.0, 0.0, 0.0, 0.03638431687408, 0.0]
predictive_equality_test : [0.0, 0.0, 0.0, 0.037402625532803685, 0.0]
equal_opportunity_test : [0.0, 0.0, 0.0, 0.042664670658682624, 0.0]
max_equalized_odds_test : [0.0, 0.0, 0.0, 0.042664670658682624, 0.0]
mean_equalized_odds_test : [0.0, 0.0, 0.0, 0.032639244163388266, 0.0]
end
