dataset : data/customer.csv
labels_name : ['A', 'B', 'C', 'D']
s : 5.0
eod : 0.1
a : 1.0
sensitive_groups : ['Gender == Female']
sensitive_labels : ['A', 'B', 'C', 'D']
time_limit : 3600
lambda_bound : 9
n_folds : 5
nb_samples : 4765
nb_features : 33
nb_labels : 4
optimality_gap : [0.9886531698094245, 0.9903170797720358, 0.9883571585648757, 0.9914336188575477, 0.9906868267421272]
execution_time : [3600.181965112686, 3600.0806851387024, 3600.009552001953, 3600.107029914856, 3600.1059918403625]
objective_function : [0.42119622245540245, 0.7075157397691508, 0.7119753410283325, 0.7122376705141666, 0.7151232948583429]
sparsity : [12, 1, 1, 1, 1]
accuracy_train : [0.5789611752360966, 0.29249737670514164, 0.28803777544596015, 0.28777544596012594, 0.2848898216159496]
balanced_accuracy_train : [0.5394713099021042, 0.25, 0.25, 0.25, 0.25]
accuracy_test : [0.5498426023084995, 0.2738719832109129, 0.291710388247639, 0.29275970619097585, 0.304302203567681]
balanced_accuracy_test : [0.5184069667838201, 0.25, 0.25, 0.25, 0.25]
overall_misclassification_rate_train : [0.04015687664156059, 0.061258034137434025, 0.06483902979455436, 0.06446289079876866, 0.0535418392709196]
statistical_parity_train : [0.09109999743702035, 0.0, 0.0, 0.0, 0.0]
predictive_equality_train : [0.08461659126390303, 0.0, 0.0, 0.0, 0.0]
equal_opportunity_train : [0.09099328040168364, 0.0, 0.0, 0.0, 0.0]
max_equalized_odds_train : [0.09099328040168364, 0.0, 0.0, 0.0, 0.0]
mean_equalized_odds_train : [0.08621912751626237, 0.0, 0.0, 0.0, 0.0]
overall_misclassification_rate_test : [0.042623299319727886, 0.07222557433740692, 0.04908855207195684, 0.05031892591105758, 0.09461678427195663]
statistical_parity_test : [0.06510416666666669, 0.0, 0.0, 0.0, 0.0]
predictive_equality_test : [0.03540180374209181, 0.0, 0.0, 0.0, 0.0]
equal_opportunity_test : [0.10687771396554135, 0.0, 0.0, 0.0, 0.0]
max_equalized_odds_test : [0.10687771396554135, 0.0, 0.0, 0.0, 0.0]
mean_equalized_odds_test : [0.053327032014289545, 0.0, 0.0, 0.0, 0.0]
end
