dataset : data/customer.csv
labels_name : ['A', 'B', 'C', 'D']
s : 5.0
eod : 0.12
a : 1.0
sensitive_groups : ['Gender == Female']
sensitive_labels : ['A', 'B', 'C', 'D']
time_limit : 3600
lambda_bound : 9
n_folds : 5
nb_samples : 4765
nb_features : 33
nb_labels : 4
optimality_gap : [0.9892946766898058, 0.9900371624915578, 0.9895880655526583, 0.9900573983498451, 0.9900968265819958]
execution_time : [3600.2121069431305, 3600.0087339878082, 3600.0413780212402, 3600.1704330444336, 3601.4083280563354]
objective_function : [0.4464454354669447, 0.7075157397691508, 0.7119753410283325, 0.7122376705141666, 0.7151232948583429]
sparsity : [17, 1, 1, 1, 1]
accuracy_train : [0.5537775445960126, 0.29249737670514164, 0.28803777544596015, 0.28777544596012594, 0.2848898216159496]
balanced_accuracy_train : [0.5088335715753182, 0.25, 0.25, 0.25, 0.25]
accuracy_test : [0.5131164742917104, 0.2738719832109129, 0.291710388247639, 0.29275970619097585, 0.304302203567681]
balanced_accuracy_test : [0.4797871403068003, 0.25, 0.25, 0.25, 0.25]
overall_misclassification_rate_train : [0.03824578529139405, 0.061258034137434025, 0.06483902979455436, 0.06446289079876866, 0.0535418392709196]
statistical_parity_train : [0.05266644602754872, 0.0, 0.0, 0.0, 0.0]
predictive_equality_train : [0.0562201677701116, 0.0, 0.0, 0.0, 0.0]
equal_opportunity_train : [0.03221105946690894, 0.0, 0.0, 0.0, 0.0]
max_equalized_odds_train : [0.0562201677701116, 0.0, 0.0, 0.0, 0.0]
mean_equalized_odds_train : [0.05018639920912835, 0.0, 0.0, 0.0, 0.0]
overall_misclassification_rate_test : [0.04356664540816327, 0.07222557433740692, 0.04908855207195684, 0.05031892591105758, 0.09461678427195663]
statistical_parity_test : [0.03269823554421769, 0.0, 0.0, 0.0, 0.0]
predictive_equality_test : [0.03499798088571813, 0.0, 0.0, 0.0, 0.0]
equal_opportunity_test : [0.11493206331418959, 0.0, 0.0, 0.0, 0.0]
max_equalized_odds_test : [0.11493206331418959, 0.0, 0.0, 0.0, 0.0]
mean_equalized_odds_test : [0.055044408693068266, 0.0, 0.0, 0.0, 0.0]
end
