dataset : data/customer.csv
labels_name : ['A', 'B', 'C', 'D']
s : 5.0
eod : 0.2
a : 1.0
sensitive_groups : ['Gender == Female']
sensitive_labels : ['A', 'B', 'C', 'D']
time_limit : 3600
lambda_bound : 9
n_folds : 5
nb_samples : 4765
nb_features : 33
nb_labels : 4
optimality_gap : [0.9918631351981416, 0.9914310691657898, 0.988554613179576, 0.990850647438841, 0.9909261235216476]
execution_time : [3600.0129511356354, 3600.3485238552094, 3600.010694026947, 3600.008372068405, 3600.1848888397217]
objective_function : [0.7093520461699903, 0.7075157397691508, 0.711581846799581, 0.7122376705141666, 0.7151232948583429]
sparsity : [1, 1, 11, 1, 1]
accuracy_train : [0.2906610703043022, 0.29249737670514164, 0.2885624344176285, 0.28777544596012594, 0.2848898216159496]
balanced_accuracy_train : [0.25, 0.25, 0.25058549521409484, 0.25, 0.25]
accuracy_test : [0.2812172088142707, 0.2738719832109129, 0.291710388247639, 0.29275970619097585, 0.304302203567681]
balanced_accuracy_test : [0.25, 0.25, 0.25, 0.25, 0.25]
overall_misclassification_rate_train : [0.06429401611111296, 0.061258034137434025, 0.06307949900276555, 0.06446289079876866, 0.0535418392709196]
statistical_parity_train : [0.0, 0.0, 0.0017595307917888103, 0.0, 0.0]
predictive_equality_train : [0.0, 0.0, 0.0023529411764705577, 0.0, 0.0]
equal_opportunity_train : [0.0, 0.0, 0.0026666666666666666, 0.0, 0.0]
max_equalized_odds_train : [0.0, 0.0, 0.0026666666666666666, 0.0, 0.0]
mean_equalized_odds_train : [0.0, 0.0, 0.001675205234244778, 0.0, 0.0]
overall_misclassification_rate_test : [0.050719246031746046, 0.07222557433740692, 0.04908855207195684, 0.05031892591105758, 0.09461678427195663]
statistical_parity_test : [0.0, 0.0, 0.0, 0.0, 0.0]
predictive_equality_test : [0.0, 0.0, 0.0, 0.0, 0.0]
equal_opportunity_test : [0.0, 0.0, 0.0, 0.0, 0.0]
max_equalized_odds_test : [0.0, 0.0, 0.0, 0.0, 0.0]
mean_equalized_odds_test : [0.0, 0.0, 0.0, 0.0, 0.0]
end
