dataset : data/customer.csv
labels_name : ['A', 'B', 'C', 'D']
s : 5.0
eod : 0.25
a : 1.0
sensitive_groups : ['Gender == Female']
sensitive_labels : ['A', 'B', 'C', 'D']
time_limit : 3600
lambda_bound : 9
n_folds : 5
nb_samples : 4765
nb_features : 33
nb_labels : 4
optimality_gap : [0.9896565884369257, 0.9915020092800375, 0.9894247516328318, 0.9896034142271627, 0.9846864822077307]
execution_time : [3600.1441328525543, 3600.012857913971, 3600.0719652175903, 3600.16871714592, 3600.0114250183105]
objective_function : [0.7093520461699903, 0.5636411332633773, 0.7117785939139567, 0.7120802728226661, 0.4424711437565565]
sparsity : [1, 12, 6, 9, 14]
accuracy_train : [0.2906610703043022, 0.5763378803777545, 0.2883001049317943, 0.28803777544596015, 0.5577124868835257]
balanced_accuracy_train : [0.25, 0.5405650708665702, 0.2502653927813164, 0.2530840291331816, 0.5388543113028328]
accuracy_test : [0.2812172088142707, 0.5424973767051416, 0.291710388247639, 0.28961175236096537, 0.5477439664218258]
balanced_accuracy_test : [0.25, 0.5284801808246891, 0.25, 0.2520329054363444, 0.5201484996301153]
overall_misclassification_rate_train : [0.06429401611111296, 0.031205634783245867, 0.06366600926669508, 0.0771366038541611, 0.03612662693428123]
statistical_parity_train : [0.0, 0.036391169686034175, 0.001173020527859281, 0.017180020996814926, 0.08423978405537591]
predictive_equality_train : [0.0, 0.045076989500698064, 0.0015686274509804088, 0.0169563203576535, 0.05999692663126993]
equal_opportunity_train : [0.0, 0.03542637784480396, 0.002277904328018223, 0.0753151172820613, 0.15020462046204625]
max_equalized_odds_train : [0.0, 0.045076989500698064, 0.002277904328018223, 0.0753151172820613, 0.15020462046204625]
mean_equalized_odds_train : [0.0, 0.038813478961028575, 0.0011575992915598178, 0.02304382015659691, 0.0784312900872444]
overall_misclassification_rate_test : [0.050719246031746046, 0.07222557433740692, 0.04908855207195684, 0.04981934965877166, 0.03021346469622331]
statistical_parity_test : [0.0, 0.014562188741095633, 0.0, 0.004406976225522996, 0.09264190298673058]
predictive_equality_test : [0.0, 0.05124134436750549, 0.0, 0.004239222087275368, 0.05073487846240815]
equal_opportunity_test : [0.0, 0.07459191865132453, 0.0, 0.023310521813515783, 0.25148414803587216]
max_equalized_odds_test : [0.0, 0.07459191865132453, 0.0, 0.023310521813515783, 0.25148414803587216]
mean_equalized_odds_test : [0.0, 0.04111164172561314, 0.0, 0.0071313516075159275, 0.08823054476259345]
end
