dataset : data/customer.csv
labels_name : ['A', 'B', 'C', 'D']
s : 5.0
eod : 0.3
a : 1.0
sensitive_groups : ['Gender == Female']
sensitive_labels : ['A', 'B', 'C', 'D']
time_limit : 3600
lambda_bound : 9
n_folds : 5
nb_samples : 4765
nb_features : 33
nb_labels : 4
optimality_gap : [0.9901251388804484, 0.9897788626218458, 0.9893100242822074, 0.9868605428688823, 0.9865415252235047]
execution_time : [3600.120262145996, 3600.1080598831177, 3600.1182680130005, 3600.1058959960938, 3600.053556919098]
objective_function : [0.7093520461699903, 0.7075157397691508, 0.7117785939139567, 0.5230849947534082, 0.5090372507869863]
sparsity : [1, 1, 6, 20, 9]
accuracy_train : [0.2906610703043022, 0.29249737670514164, 0.2883001049317943, 0.5031479538300105, 0.4910807974816369]
balanced_accuracy_train : [0.25, 0.25, 0.2502653927813164, 0.4805008580039819, 0.4533133718616026]
accuracy_test : [0.2812172088142707, 0.2738719832109129, 0.291710388247639, 0.5131164742917104, 0.5099685204616999]
balanced_accuracy_test : [0.25, 0.25, 0.25, 0.47892595284437706, 0.45440022615490905]
overall_misclassification_rate_train : [0.06429401611111296, 0.061258034137434025, 0.06366600926669508, 0.03296433210555347, 0.1310032872758372]
statistical_parity_train : [0.0, 0.0, 0.001173020527859281, 0.036739977579672234, 0.09772852803093068]
predictive_equality_train : [0.0, 0.0, 0.0015686274509804088, 0.03374127936897653, 0.1546302651312947]
equal_opportunity_train : [0.0, 0.0, 0.002277904328018223, 0.036781073485628424, 0.1715672108520779]
max_equalized_odds_train : [0.0, 0.0, 0.002277904328018223, 0.036781073485628424, 0.1715672108520779]
mean_equalized_odds_train : [0.0, 0.0, 0.0011575992915598178, 0.0335630457757793, 0.11674659215917021]
overall_misclassification_rate_test : [0.050719246031746046, 0.07222557433740692, 0.04908855207195684, 0.05324947589098533, 0.11182266009852215]
statistical_parity_test : [0.0, 0.0, 0.0, 0.03166064498862575, 0.05862512759064484]
predictive_equality_test : [0.0, 0.0, 0.0, 0.05947918061320123, 0.10011834319526625]
equal_opportunity_test : [0.0, 0.0, 0.0, 0.10613830613830613, 0.11789132882882883]
max_equalized_odds_test : [0.0, 0.0, 0.0, 0.10613830613830613, 0.11789132882882883]
mean_equalized_odds_test : [0.0, 0.0, 0.0, 0.05318244917823877, 0.07287955835699801]
end
