dataset : data/customer.csv
labels_name : ['A', 'B', 'C', 'D']
s : 5.0
eod : 0.4
a : 1.0
sensitive_groups : ['Gender == Female']
sensitive_labels : ['A', 'B', 'C', 'D']
time_limit : 3600
lambda_bound : 9
n_folds : 5
nb_samples : 4765
nb_features : 33
nb_labels : 4
optimality_gap : [0.9932597532881561, 0.9888600148625196, 0.9931328093487887, 0.9867800543816244, 0.9905759911484001]
execution_time : [3600.1885089874268, 3600.1156039237976, 3600.0905430316925, 3600.1307170391083, 3600.0116271972656]
objective_function : [0.7093520461699903, 0.7075157397691508, 0.7119753410283325, 0.4986883525708268, 0.7151232948583429]
sparsity : [1, 1, 1, 20, 1]
accuracy_train : [0.2906610703043022, 0.29249737670514164, 0.28803777544596015, 0.54800629590766, 0.2848898216159496]
balanced_accuracy_train : [0.25, 0.25, 0.25, 0.5155027219637209, 0.25]
accuracy_test : [0.2812172088142707, 0.2738719832109129, 0.291710388247639, 0.565582371458552, 0.304302203567681]
balanced_accuracy_test : [0.25, 0.25, 0.25, 0.5294627458762281, 0.25]
overall_misclassification_rate_train : [0.06429401611111296, 0.061258034137434025, 0.06483902979455436, 0.05729083257709211, 0.0535418392709196]
statistical_parity_train : [0.0, 0.0, 0.0, 0.06361656791046105, 0.0]
predictive_equality_train : [0.0, 0.0, 0.0, 0.07973196125420384, 0.0]
equal_opportunity_train : [0.0, 0.0, 0.0, 0.10324786443696254, 0.0]
max_equalized_odds_train : [0.0, 0.0, 0.0, 0.10324786443696254, 0.0]
mean_equalized_odds_train : [0.0, 0.0, 0.0, 0.06181059774742223, 0.0]
overall_misclassification_rate_test : [0.050719246031746046, 0.07222557433740692, 0.04908855207195684, 0.05481511218163165, 0.09461678427195663]
statistical_parity_test : [0.0, 0.0, 0.0, 0.11989384004638926, 0.0]
predictive_equality_test : [0.0, 0.0, 0.0, 0.09894870386558263, 0.0]
equal_opportunity_test : [0.0, 0.0, 0.0, 0.12789432789432786, 0.0]
max_equalized_odds_test : [0.0, 0.0, 0.0, 0.12789432789432786, 0.0]
mean_equalized_odds_test : [0.0, 0.0, 0.0, 0.10584341179268145, 0.0]
end
