dataset : data/customer.csv
labels_name : ['A', 'B', 'C', 'D']
s : 5.0
eod : 0.5
a : 1.0
sensitive_groups : ['Gender == Female']
sensitive_labels : ['A', 'B', 'C', 'D']
time_limit : 3600
lambda_bound : 9
n_folds : 5
nb_samples : 4765
nb_features : 33
nb_labels : 4
optimality_gap : [0.9932632540107914, 0.9905049777794454, 0.9931365022382559, 0.9859388104456724, 0.9903638362903858]
execution_time : [3600.012631177902, 3600.1958770751953, 3600.2119348049164, 3600.206763982773, 3600.146119117737]
objective_function : [0.7093520461699903, 0.7075157397691508, 0.7119753410283325, 0.4660414480587598, 0.7151232948583429]
sparsity : [1, 1, 1, 11, 1]
accuracy_train : [0.2906610703043022, 0.29249737670514164, 0.28803777544596015, 0.577124868835257, 0.2848898216159496]
balanced_accuracy_train : [0.25, 0.25, 0.25, 0.5431374415163654, 0.25]
accuracy_test : [0.2812172088142707, 0.2738719832109129, 0.291710388247639, 0.5739769150052466, 0.304302203567681]
balanced_accuracy_test : [0.25, 0.25, 0.25, 0.5420776175291359, 0.25]
overall_misclassification_rate_train : [0.06429401611111296, 0.061258034137434025, 0.06483902979455436, 0.032568417587501536, 0.0535418392709196]
statistical_parity_train : [0.0, 0.0, 0.0, 0.03649531130447159, 0.0]
predictive_equality_train : [0.0, 0.0, 0.0, 0.03936303038846489, 0.0]
equal_opportunity_train : [0.0, 0.0, 0.0, 0.043006900581540886, 0.0]
max_equalized_odds_train : [0.0, 0.0, 0.0, 0.043006900581540886, 0.0]
mean_equalized_odds_train : [0.0, 0.0, 0.0, 0.038882096492603414, 0.0]
overall_misclassification_rate_test : [0.050719246031746046, 0.07222557433740692, 0.04908855207195684, 0.042606717516392334, 0.09461678427195663]
statistical_parity_test : [0.0, 0.0, 0.0, 0.07674294125518533, 0.0]
predictive_equality_test : [0.0, 0.0, 0.0, 0.056098540634623106, 0.0]
equal_opportunity_test : [0.0, 0.0, 0.0, 0.09440559440559437, 0.0]
max_equalized_odds_test : [0.0, 0.0, 0.0, 0.09440559440559437, 0.0]
mean_equalized_odds_test : [0.0, 0.0, 0.0, 0.06028578074863415, 0.0]
end
