dataset : data/customer.csv
labels_name : ['A', 'B', 'C', 'D']
s : 5.0
eod : 0.6
a : 1.0
sensitive_groups : ['Gender == Female']
sensitive_labels : ['A', 'B', 'C', 'D']
time_limit : 3600
lambda_bound : 9
n_folds : 5
nb_samples : 4765
nb_features : 33
nb_labels : 4
optimality_gap : [0.9920809504502919, 0.9916917320644102, 0.9886010101359335, 0.9873751458373816, 0.9851447144063363]
execution_time : [3600.091106891632, 3600.1619148254395, 3600.1025619506836, 3600.1520779132843, 3600.157786846161]
objective_function : [0.6017313746065049, 0.7075157397691508, 0.7119753410283325, 0.5409233997901346, 0.49500262329485617]
sparsity : [16, 1, 1, 20, 19]
accuracy_train : [0.40057712486883523, 0.29249737670514164, 0.28803777544596015, 0.49501573976915003, 0.5060335781741868]
balanced_accuracy_train : [0.3897488606447177, 0.25, 0.25, 0.47723728521926223, 0.4690214950193469]
accuracy_test : [0.38719832109129065, 0.2738719832109129, 0.291710388247639, 0.49213011542497376, 0.5414480587618048]
balanced_accuracy_test : [0.3746020597889721, 0.25, 0.25, 0.4651551897590907, 0.486463930425813]
overall_misclassification_rate_train : [0.04246411549900653, 0.061258034137434025, 0.06483902979455436, 0.031844427836794253, 0.03480369885346235]
statistical_parity_train : [0.044761882475125164, 0.0, 0.0, 0.016739621701453766, 0.03256318429234484]
predictive_equality_train : [0.06018858575622299, 0.0, 0.0, 0.03978705199493157, 0.023096952292353423]
equal_opportunity_train : [0.1083299003048529, 0.0, 0.0, 0.02657628203344553, 0.059513899372425544]
max_equalized_odds_train : [0.1083299003048529, 0.0, 0.0, 0.03978705199493157, 0.059513899372425544]
mean_equalized_odds_train : [0.05367927920739794, 0.0, 0.0, 0.035985316777788295, 0.030461002981692565]
overall_misclassification_rate_test : [0.06959059665532885, 0.07222557433740692, 0.04908855207195684, 0.020491547348231443, 0.022762171038033102]
statistical_parity_test : [0.05530311082766437, 0.0, 0.0, 0.02288237655560016, 0.11743664847113122]
predictive_equality_test : [0.08808415745588527, 0.0, 0.0, 0.030191458026509577, 0.07680473372781066]
equal_opportunity_test : [0.09672223000420227, 0.0, 0.0, 0.0804972804972805, 0.1596283783783784]
max_equalized_odds_test : [0.09672223000420227, 0.0, 0.0, 0.0804972804972805, 0.1596283783783784]
mean_equalized_odds_test : [0.07677354978135652, 0.0, 0.0, 0.036433434171540775, 0.07295125767318844]
end
