dataset : data/customer.csv
labels_name : ['A', 'B', 'C', 'D']
s : 5.0
eod : 0.7
a : 1.0
sensitive_groups : ['Gender == Female']
sensitive_labels : ['A', 'B', 'C', 'D']
time_limit : 3600
lambda_bound : 9
n_folds : 5
nb_samples : 4765
nb_features : 33
nb_labels : 4
optimality_gap : [0.9892811064362561, 0.9907992648781817, 0.9891685608576487, 0.9894047114318888, 0.9866649075986548]
execution_time : [3600.1031889915466, 3600.0101239681244, 3600.0117058753967, 3600.161239862442, 3600.1185410022736]
objective_function : [0.7093520461699903, 0.7070697796432326, 0.45272822665267387, 0.5266789087093369, 0.5204485834207745]
sparsity : [1, 7, 16, 14, 19]
accuracy_train : [0.2906610703043022, 0.29302203567681007, 0.5737145855194123, 0.577124868835257, 0.48898216159496327]
balanced_accuracy_train : [0.25, 0.2505122950819672, 0.5426137725506559, 0.5431374415163654, 0.4612369687952912]
accuracy_test : [0.2812172088142707, 0.27492130115424973, 0.5960125918153201, 0.5739769150052466, 0.5026232948583421]
balanced_accuracy_test : [0.25, 0.25109170305676853, 0.5518864013963798, 0.5420776175291359, 0.4640438031081064]
overall_misclassification_rate_train : [0.06429401611111296, 0.060103966047416746, 0.019136045606949037, 0.032568417587501536, 0.03878027812669821]
statistical_parity_train : [0.0, 0.001154068090017311, 0.03487662268071656, 0.03649531130447159, 0.07994360852019139]
predictive_equality_train : [0.0, 0.0015576323987538387, 0.02405223119137384, 0.03936303038846489, 0.0751213818790781]
equal_opportunity_train : [0.0, 0.004395604395604396, 0.037539393443293934, 0.043006900581540886, 0.09497325070183804]
max_equalized_odds_train : [0.0, 0.004395604395604396, 0.037539393443293934, 0.043006900581540886, 0.09497325070183804]
mean_equalized_odds_train : [0.0, 0.001125422321644777, 0.01981183600128651, 0.038882096492603414, 0.07659092348337794]
overall_misclassification_rate_test : [0.050719246031746046, 0.07222557433740692, 0.05054917734388181, 0.042606717516392334, 0.06694181866595661]
statistical_parity_test : [0.0, 0.0024630541871921707, 0.033363522548680136, 0.07674294125518533, 0.1412151067323481]
predictive_equality_test : [0.0, 0.003225806451612856, 0.08146947976471416, 0.056098540634623106, 0.11644970414201186]
equal_opportunity_test : [0.0, 0.009900990099009901, 0.08206970894717935, 0.09440559440559437, 0.18053209459459463]
max_equalized_odds_test : [0.0, 0.009900990099009901, 0.08206970894717935, 0.09440559440559437, 0.18053209459459463]
mean_equalized_odds_test : [0.0, 0.00237914662400133, 0.06498701962512607, 0.06028578074863415, 0.1105218950339622]
end
