dataset : data/customer.csv
labels_name : ['A', 'B', 'C', 'D']
s : 5.0
eod : 1.0
a : 1.0
sensitive_groups : ['Gender == Female']
sensitive_labels : ['A', 'B', 'C', 'D']
time_limit : 3600
lambda_bound : 9
n_folds : 5
nb_samples : 4765
nb_features : 33
nb_labels : 4
optimality_gap : [0.9910213530451686, 0.9874191955742712, 0.9886558358760337, 0.9899805860121961, 0.9849897353302296]
execution_time : [3600.010668992996, 3600.1583659648895, 3600.0874931812286, 3600.0067250728607, 3600.0963220596313]
objective_function : [0.704197271773348, 0.49108079748163475, 0.6752623294858344, 0.7121589716684164, 0.48997901364113106]
sparsity : [8, 20, 2, 15, 16]
accuracy_train : [0.29590766002098634, 0.5514165792235047, 0.3247639034627492, 0.28803777544596015, 0.5689926547743966]
balanced_accuracy_train : [0.2560317636773362, 0.5151490919064229, 0.29017147564187346, 0.2502577319587629, 0.5393197214947144]
accuracy_test : [0.28436516264428124, 0.5194123819517313, 0.35257082896117525, 0.29275970619097585, 0.5550891920251836]
balanced_accuracy_test : [0.25359160674360987, 0.5041562866753625, 0.30590242634789505, 0.25, 0.518261891607518]
overall_misclassification_rate_train : [0.06646530561303687, 0.09811133065605082, 0.13215994165517264, 0.06388014021601807, 0.02942401403996403]
statistical_parity_train : [0.009063476091300024, 0.23270375838177332, 0.08171337825179859, 0.0005827505827505908, 0.031014200318928098]
predictive_equality_train : [0.0101190165546452, 0.22496238305600252, 0.11700173050457152, 0.000779423226812126, 0.03768883855441179]
equal_opportunity_train : [0.02819071194385558, 0.283210212409752, 0.16861926391536883, 0.0021691973969631237, 0.017917845839543145]
max_equalized_odds_train : [0.02819071194385558, 0.283210212409752, 0.16861926391536883, 0.0021691973969631237, 0.03768883855441179]
mean_equalized_odds_train : [0.009398457531086049, 0.23680366444895065, 0.08586591687200282, 0.000555124360124586, 0.03260086797380157]
overall_misclassification_rate_test : [0.07837744472789121, 0.10670833295809659, 0.10172877653765211, 0.052205718363887765, 0.050432698708560764]
statistical_parity_test : [0.021236359126984128, 0.26242559054763553, 0.07659625476146081, 0.0018867924528301887, 0.05998313584520479]
predictive_equality_test : [0.03582527919128442, 0.227857114910599, 0.10160790391321195, 0.0027548209366391463, 0.03326498063340168]
equal_opportunity_test : [0.06068376068376069, 0.38985148514851486, 0.13048823322795927, 0.0, 0.08058840090090091]
max_equalized_odds_test : [0.06068376068376069, 0.38985148514851486, 0.13048823322795927, 0.0027548209366391463, 0.08058840090090091]
mean_equalized_odds_test : [0.030386042669057953, 0.26678335917553364, 0.08150735164779202, 0.001948320368619921, 0.04173349824418819]
end
