dataset : data/customer.csv
labels_name : ['A', 'B', 'C', 'D']
s : 10.0
eod : 0.01
a : 1.0
sensitive_groups : ['Gender == Female']
sensitive_labels : ['A', 'B', 'C', 'D']
time_limit : 3600
lambda_bound : 9
n_folds : 5
nb_samples : 4765
nb_features : 33
nb_labels : 4
optimality_gap : [0.9918329325320409, 0.9903777338164484, 0.9883483408625426, 0.993218948372884, 0.9903493915217989]
execution_time : [3600.0122809410095, 3600.0130829811096, 3600.008923768997, 3600.044191122055, 3600.0113830566406]
objective_function : [0.7093454879328445, 0.7075091815320049, 0.7119687827911865, 0.7120015739769158, 0.715116736621197]
sparsity : [1, 1, 1, 6, 1]
accuracy_train : [0.2906610703043022, 0.29249737670514164, 0.28803777544596015, 0.28803777544596015, 0.2848898216159496]
balanced_accuracy_train : [0.25, 0.25, 0.25, 0.2502577319587629, 0.25]
accuracy_test : [0.2812172088142707, 0.2738719832109129, 0.291710388247639, 0.291710388247639, 0.304302203567681]
balanced_accuracy_test : [0.25, 0.25, 0.25, 0.24910394265232974, 0.25]
overall_misclassification_rate_train : [0.06429401611111296, 0.061258034137434025, 0.06483902979455436, 0.06493999003540984, 0.0535418392709196]
statistical_parity_train : [0.0, 0.0, 0.0, 0.00047709923664122136, 0.0]
predictive_equality_train : [0.0, 0.0, 0.0, 0.0006983240223463749, 0.0]
equal_opportunity_train : [0.0, 0.0, 0.0, 0.0019646365422396855, 0.0]
max_equalized_odds_train : [0.0, 0.0, 0.0, 0.0019646365422396855, 0.0]
mean_equalized_odds_train : [0.0, 0.0, 0.0, 0.0004999206311575276, 0.0]
overall_misclassification_rate_test : [0.050719246031746046, 0.07222557433740692, 0.04908855207195684, 0.05031892591105758, 0.09461678427195663]
statistical_parity_test : [0.0, 0.0, 0.0, 0.004728132387706863, 0.0]
predictive_equality_test : [0.0, 0.0, 0.0, 0.006493506493506494, 0.0]
equal_opportunity_test : [0.0, 0.0, 0.0, 0.008928571428571397, 0.0]
max_equalized_odds_test : [0.0, 0.0, 0.0, 0.008928571428571397, 0.0]
mean_equalized_odds_test : [0.0, 0.0, 0.0, 0.004888010494143405, 0.0]
end
