dataset : data/customer.csv
labels_name : ['A', 'B', 'C', 'D']
s : 10.0
eod : 0.03
a : 1.0
sensitive_groups : ['Gender == Female']
sensitive_labels : ['A', 'B', 'C', 'D']
time_limit : 3600
lambda_bound : 9
n_folds : 5
nb_samples : 4765
nb_features : 33
nb_labels : 4
optimality_gap : [0.9904501542173221, 0.989181438395829, 0.9892328094619638, 0.9910901691280791, 0.9901797314862524]
execution_time : [3600.112475156784, 3600.202413082123, 3600.0137169361115, 3600.1279759407043, 3600.0680680274963]
objective_function : [0.7086109653725086, 0.7075091815320049, 0.7119687827911865, 0.7122311122770207, 0.715116736621197]
sparsity : [9, 1, 1, 1, 1]
accuracy_train : [0.29144805876180485, 0.29249737670514164, 0.28803777544596015, 0.28777544596012594, 0.2848898216159496]
balanced_accuracy_train : [0.2507828810020877, 0.25, 0.25, 0.25, 0.25]
accuracy_test : [0.28226652675760755, 0.2738719832109129, 0.291710388247639, 0.29275970619097585, 0.304302203567681]
balanced_accuracy_test : [0.25101214574898784, 0.25, 0.25, 0.25, 0.25]
overall_misclassification_rate_train : [0.06358919670645968, 0.061258034137434025, 0.06483902979455436, 0.06446289079876866, 0.0535418392709196]
statistical_parity_train : [0.0007048194046532785, 0.0, 0.0, 0.0, 0.0]
predictive_equality_train : [0.0008861006353225731, 0.0, 0.0, 0.0, 0.0]
equal_opportunity_train : [0.002629026382433363, 0.0, 0.0, 0.0, 0.0]
max_equalized_odds_train : [0.002629026382433363, 0.0, 0.0, 0.0, 0.0]
mean_equalized_odds_train : [0.0006607049513040824, 0.0, 0.0, 0.0, 0.0]
overall_misclassification_rate_test : [0.054625496031746046, 0.07222557433740692, 0.04908855207195684, 0.05031892591105758, 0.09461678427195663]
statistical_parity_test : [0.00390625, 0.0, 0.0, 0.0, 0.0]
predictive_equality_test : [0.005617977528089901, 0.0, 0.0, 0.0, 0.0]
equal_opportunity_test : [0.007692307692307693, 0.0, 0.0, 0.0, 0.0]
max_equalized_odds_test : [0.007692307692307693, 0.0, 0.0, 0.0, 0.0]
mean_equalized_odds_test : [0.004038105568459164, 0.0, 0.0, 0.0, 0.0]
end
