dataset : data/customer.csv
labels_name : ['A', 'B', 'C', 'D']
s : 10.0
eod : 0.06
a : 1.0
sensitive_groups : ['Gender == Female']
sensitive_labels : ['A', 'B', 'C', 'D']
time_limit : 3600
lambda_bound : 9
n_folds : 5
nb_samples : 4765
nb_features : 33
nb_labels : 4
optimality_gap : [0.9904483809989487, 0.9897122747699139, 0.9891440365536889, 0.9856552869035248, 0.9932169113876141]
execution_time : [3600.405081987381, 3600.1982560157776, 3600.239068031311, 3600.01008105278, 3600.0099539756775]
objective_function : [0.7091159496327395, 0.7075091815320049, 0.7119687827911865, 0.4432384575026215, 0.7146248688352579]
sparsity : [6, 1, 1, 25, 6]
accuracy_train : [0.2909233997901364, 0.29249737670514164, 0.28803777544596015, 0.5569254984260231, 0.28541448058761804]
balanced_accuracy_train : [0.2502609603340292, 0.25, 0.25, 0.5258117418262724, 0.2506418485237484]
accuracy_test : [0.2812172088142707, 0.2738719832109129, 0.291710388247639, 0.5666316894018888, 0.30325288562434416]
balanced_accuracy_test : [0.25, 0.25, 0.25, 0.5371405088083302, 0.24913793103448276]
overall_misclassification_rate_train : [0.06370508796034735, 0.061258034137434025, 0.06483902979455436, 0.033425861670136475, 0.054490605874335185]
statistical_parity_train : [0.0005889281507656108, 0.0, 0.0, 0.02539969572412315, 0.000948766603415585]
predictive_equality_train : [0.0007905138339920903, 0.0, 0.0, 0.03887110662579675, 0.0013726835964310569]
equal_opportunity_train : [0.002277904328018223, 0.0, 0.0, 0.04438118210603925, 0.0049504950495049506]
max_equalized_odds_train : [0.002277904328018223, 0.0, 0.0, 0.04438118210603925, 0.0049504950495049506]
mean_equalized_odds_train : [0.0005724638893602985, 0.0, 0.0, 0.04027319823540725, 0.0010116567795289497]
overall_misclassification_rate_test : [0.050719246031746046, 0.07222557433740692, 0.04908855207195684, 0.046857576163075954, 0.09691563484666932]
statistical_parity_test : [0.0, 0.0, 0.0, 0.06214817788482985, 0.0022988505747126853]
predictive_equality_test : [0.0, 0.0, 0.0, 0.06326148078725399, 0.0028735632183908046]
equal_opportunity_test : [0.0, 0.0, 0.0, 0.0789432789432789, 0.009090909090909038]
max_equalized_odds_test : [0.0, 0.0, 0.0, 0.0789432789432789, 0.009090909090909038]
mean_equalized_odds_test : [0.0, 0.0, 0.0, 0.04768772522610952, 0.002766383668797084]
end
