dataset : data/customer.csv
labels_name : ['A', 'B', 'C', 'D']
s : 10.0
eod : 0.07
a : 1.0
sensitive_groups : ['Gender == Female']
sensitive_labels : ['A', 'B', 'C', 'D']
time_limit : 3600
lambda_bound : 9
n_folds : 5
nb_samples : 4765
nb_features : 33
nb_labels : 4
optimality_gap : [0.9932151196744762, 0.9911697609902631, 0.9879175831325192, 0.9921818505464832, 0.9916689346168356]
execution_time : [3600.015242099762, 3600.0148088932037, 3600.0088970661163, 3600.1215341091156, 3600.012919187546]
objective_function : [0.7032397691500529, 0.7075091815320049, 0.7117392444910815, 0.7122311122770207, 0.5814205141657909]
sparsity : [30, 1, 6, 1, 15]
accuracy_train : [0.2972193074501574, 0.29249737670514164, 0.2883001049317943, 0.28777544596012594, 0.4281217208814271]
balanced_accuracy_train : [0.2895129642350809, 0.25, 0.2502653927813164, 0.25, 0.4004838543632683]
accuracy_test : [0.30535152151101785, 0.2738719832109129, 0.291710388247639, 0.29275970619097585, 0.4249737670514166]
balanced_accuracy_test : [0.29088615626321834, 0.25, 0.25, 0.25, 0.38905641321598616]
overall_misclassification_rate_train : [0.04464153386531877, 0.061258034137434025, 0.06425251953062472, 0.06446289079876866, 0.028419568645268206]
statistical_parity_train : [0.020125519142672132, 0.0, 0.0005865102639296405, 0.0, 0.0028462998102466996]
predictive_equality_train : [0.025864683370640518, 0.0, 0.0007843137254901489, 0.0, 0.03935026309768931]
equal_opportunity_train : [0.03411170986228723, 0.0, 0.002277904328018223, 0.0, 0.0641419914166792]
max_equalized_odds_train : [0.03411170986228723, 0.0, 0.002277904328018223, 0.0, 0.0641419914166792]
mean_equalized_odds_train : [0.019364587182530965, 0.0, 0.0005629029058219218, 0.0, 0.03267670073139301]
overall_misclassification_rate_test : [0.04694586167800452, 0.07222557433740692, 0.04908855207195684, 0.05031892591105758, 0.07913282740868954]
statistical_parity_test : [0.04927543934240364, 0.0, 0.0, 0.0, 0.036803798872764415]
predictive_equality_test : [0.07169866201279818, 0.0, 0.0, 0.0, 0.07977207977207978]
equal_opportunity_test : [0.15682234432234432, 0.0, 0.0, 0.0, 0.09726914414414412]
max_equalized_odds_test : [0.15682234432234432, 0.0, 0.0, 0.0, 0.09726914414414412]
mean_equalized_odds_test : [0.057546146488203304, 0.0, 0.0, 0.0, 0.08416011585279687]
end
