dataset : data/customer.csv
labels_name : ['A', 'B', 'C', 'D']
s : 10.0
eod : 0.08
a : 1.0
sensitive_groups : ['Gender == Female']
sensitive_labels : ['A', 'B', 'C', 'D']
time_limit : 3600
lambda_bound : 9
n_folds : 5
nb_samples : 4765
nb_features : 33
nb_labels : 4
optimality_gap : [0.9932177816992288, 0.9886499610200784, 0.9877901206692374, 0.9910215914728779, 0.9893041497789191]
execution_time : [3600.0165259838104, 3600.1275420188904, 3600.0799078941345, 3600.2382118701935, 3600.132677078247]
objective_function : [0.7035152151101789, 0.7075091815320049, 0.7117392444910815, 0.7122311122770207, 0.45320041972717545]
sparsity : [32, 1, 6, 1, 24]
accuracy_train : [0.296694648478489, 0.29249737670514164, 0.2883001049317943, 0.28777544596012594, 0.5469569779643232]
balanced_accuracy_train : [0.28903429602888087, 0.25, 0.2502653927813164, 0.25, 0.5211974261246796]
accuracy_test : [0.30535152151101785, 0.2738719832109129, 0.291710388247639, 0.29275970619097585, 0.5246589716684156]
balanced_accuracy_test : [0.29088615626321834, 0.25, 0.25, 0.25, 0.49550449670562213]
overall_misclassification_rate_train : [0.045114570762196715, 0.061258034137434025, 0.06425251953062472, 0.06446289079876866, 0.03461773169058628]
statistical_parity_train : [0.019179445348916253, 0.0, 0.0005865102639296405, 0.0, 0.048315827921354804]
predictive_equality_train : [0.02461076487534264, 0.0, 0.0007843137254901489, 0.0, 0.049740419702777705]
equal_opportunity_train : [0.03263022838080576, 0.0, 0.002277904328018223, 0.0, 0.06483394247576679]
max_equalized_odds_train : [0.03263022838080576, 0.0, 0.002277904328018223, 0.0, 0.06483394247576679]
mean_equalized_odds_train : [0.018425793010028304, 0.0, 0.0005629029058219218, 0.0, 0.04274613673359011]
overall_misclassification_rate_test : [0.04694586167800452, 0.07222557433740692, 0.04908855207195684, 0.05031892591105758, 0.026072870900457096]
statistical_parity_test : [0.04927543934240364, 0.0, 0.0, 0.0, 0.06450539209159899]
predictive_equality_test : [0.07169866201279818, 0.0, 0.0, 0.0, 0.03827751196172248]
equal_opportunity_test : [0.15682234432234432, 0.0, 0.0, 0.0, 0.09747474747474749]
max_equalized_odds_test : [0.15682234432234432, 0.0, 0.0, 0.0, 0.09747474747474749]
mean_equalized_odds_test : [0.057546146488203304, 0.0, 0.0, 0.0, 0.04240257101033015]
end
