dataset : data/customer.csv
labels_name : ['A', 'B', 'C', 'D']
s : 10.0
eod : 0.09
a : 1.0
sensitive_groups : ['Gender == Female']
sensitive_labels : ['A', 'B', 'C', 'D']
time_limit : 3600
lambda_bound : 9
n_folds : 5
nb_samples : 4765
nb_features : 33
nb_labels : 4
optimality_gap : [0.9904850881181053, 0.9893220711620111, 0.9892995126291897, 0.9821820659993425, 0.983436461617524]
execution_time : [3600.1512570381165, 3600.118814945221, 3600.009567975998, 3600.155753850937, 3600.0757150650024]
objective_function : [0.7034496327387203, 0.7070632214060867, 0.7117392444910815, 0.4249344176285399, 0.4295776495278053]
sparsity : [22, 13, 6, 34, 22]
accuracy_train : [0.296694648478489, 0.29302203567681007, 0.2883001049317943, 0.5779118572927597, 0.5705666316894019]
balanced_accuracy_train : [0.28903429602888087, 0.2506729475100942, 0.2502653927813164, 0.5439063083965625, 0.5408911127031065]
accuracy_test : [0.30535152151101785, 0.27492130115424973, 0.291710388247639, 0.5760755508919203, 0.5603357817418678]
balanced_accuracy_test : [0.29088615626321834, 0.25109170305676853, 0.25, 0.5438697322244764, 0.5233431924205262]
overall_misclassification_rate_train : [0.045114570762196715, 0.06058496652841716, 0.06425251953062472, 0.03257731454296342, 0.03461773169058628]
statistical_parity_train : [0.019179445348916253, 0.0006730676090168299, 0.0005865102639296405, 0.03188780049467066, 0.02907769195820087]
predictive_equality_train : [0.02461076487534264, 0.000849918315243614, 0.0007843137254901489, 0.038834454243517426, 0.04021224745687301]
equal_opportunity_train : [0.03263022838080576, 0.005649717514124294, 0.002277904328018223, 0.03951007675293727, 0.030096120032821472]
max_equalized_odds_train : [0.03263022838080576, 0.005649717514124294, 0.002277904328018223, 0.03951007675293727, 0.04021224745687301]
mean_equalized_odds_train : [0.018425793010028304, 0.0015775751428004452, 0.0005629029058219218, 0.03900637287786613, 0.03760891036269815]
overall_misclassification_rate_test : [0.04694586167800452, 0.07222557433740692, 0.04908855207195684, 0.042606717516392334, 0.04850219677805884]
statistical_parity_test : [0.04927543934240364, 0.0024630541871921707, 0.0, 0.06965074267362503, 0.05805263391470286]
predictive_equality_test : [0.07169866201279818, 0.003225806451612856, 0.0, 0.056098540634623106, 0.03827751196172248]
equal_opportunity_test : [0.15682234432234432, 0.009900990099009901, 0.0, 0.09440559440559437, 0.08058840090090091]
max_equalized_odds_test : [0.15682234432234432, 0.009900990099009901, 0.0, 0.09440559440559437, 0.08058840090090091]
mean_equalized_odds_test : [0.057546146488203304, 0.00237914662400133, 0.0, 0.052984137040686476, 0.04240257101033015]
end
