dataset : data/customer.csv
labels_name : ['A', 'B', 'C', 'D']
s : 10.0
eod : 0.1
a : 1.0
sensitive_groups : ['Gender == Female']
sensitive_labels : ['A', 'B', 'C', 'D']
time_limit : 3600
lambda_bound : 9
n_folds : 5
nb_samples : 4765
nb_features : 33
nb_labels : 4
optimality_gap : [0.9916855211133158, 0.9908511206327406, 0.9931541525616393, 0.9847575193317016, 0.9905903249703129]
execution_time : [3600.061896085739, 3600.127403974533, 3600.1074471473694, 3600.0944888591766, 3600.0080230236053]
objective_function : [0.5729997376705127, 0.7075091815320049, 0.7117392444910815, 0.4681925498426002, 0.6993179433368315]
sparsity : [11, 1, 6, 30, 32]
accuracy_train : [0.43625393494228754, 0.29249737670514164, 0.2883001049317943, 0.5697796432318992, 0.3008919202518363]
balanced_accuracy_train : [0.40536089777891665, 0.25, 0.2502653927813164, 0.5365903479150104, 0.2916666666666667]
accuracy_test : [0.4386149003147954, 0.2738719832109129, 0.291710388247639, 0.5718782791185729, 0.3074501573976915]
balanced_accuracy_test : [0.4069770076741797, 0.25, 0.25, 0.5406711796537614, 0.296551724137931]
overall_misclassification_rate_train : [0.03224116969934021, 0.061258034137434025, 0.06425251953062472, 0.032568417587501536, 0.028419568645268206]
statistical_parity_train : [0.027058936274296785, 0.0, 0.0005865102639296405, 0.03802225128560999, 0.024785970726318718]
predictive_equality_train : [0.04216412986372731, 0.0, 0.0007843137254901489, 0.04242402883782748, 0.032066537439571885]
equal_opportunity_train : [0.028945624360848132, 0.0, 0.002277904328018223, 0.031261303876012114, 0.059441707717569764]
max_equalized_odds_train : [0.04216412986372731, 0.0, 0.002277904328018223, 0.04242402883782748, 0.059441707717569764]
mean_equalized_odds_train : [0.03884216546924718, 0.0, 0.0005629029058219218, 0.035640020836238635, 0.023940547102051835]
overall_misclassification_rate_test : [0.031245571145124718, 0.07222557433740692, 0.04908855207195684, 0.03933270886301797, 0.06226867261350019]
statistical_parity_test : [0.019535678854875282, 0.0, 0.0, 0.07346893260181098, 0.03234811165845648]
predictive_equality_test : [0.028117122357960045, 0.0, 0.0, 0.04836658187173651, 0.04240265906932572]
equal_opportunity_test : [0.04853479853479847, 0.0, 0.0, 0.08640248640248638, 0.051010101010101006]
max_equalized_odds_test : [0.04853479853479847, 0.0, 0.0, 0.08640248640248638, 0.051010101010101006]
mean_equalized_odds_test : [0.02437404634050111, 0.0, 0.0, 0.05704762152354696, 0.03176862389873931]
end
