dataset : data/customer.csv
labels_name : ['A', 'B', 'C', 'D']
s : 10.0
eod : 0.12
a : 1.0
sensitive_groups : ['Gender == Female']
sensitive_labels : ['A', 'B', 'C', 'D']
time_limit : 3600
lambda_bound : 9
n_folds : 5
nb_samples : 4765
nb_features : 33
nb_labels : 4
optimality_gap : [0.9897957243406825, 0.9893445921766734, 0.9878625593778126, 0.9845040571905951, 0.9899724489943111]
execution_time : [3600.269499063492, 3600.0666399002075, 3600.0094571113586, 3600.0100400447845, 3600.1106429100037]
objective_function : [0.7093454879328445, 0.7075091815320049, 0.7117392444910815, 0.4398412906610686, 0.715116736621197]
sparsity : [1, 1, 6, 27, 1]
accuracy_train : [0.2906610703043022, 0.29249737670514164, 0.2883001049317943, 0.5666316894018888, 0.2848898216159496]
balanced_accuracy_train : [0.25, 0.25, 0.2502653927813164, 0.5283821536230996, 0.25]
accuracy_test : [0.2812172088142707, 0.2738719832109129, 0.291710388247639, 0.5708289611752361, 0.304302203567681]
balanced_accuracy_test : [0.25, 0.25, 0.25, 0.5289479713214956, 0.25]
overall_misclassification_rate_train : [0.06429401611111296, 0.061258034137434025, 0.06425251953062472, 0.04683579778999625, 0.0535418392709196]
statistical_parity_train : [0.0, 0.0, 0.0005865102639296405, 0.02279733625153474, 0.0]
predictive_equality_train : [0.0, 0.0, 0.0007843137254901489, 0.05592099152225377, 0.0]
equal_opportunity_train : [0.0, 0.0, 0.002277904328018223, 0.04655037950300234, 0.0]
max_equalized_odds_train : [0.0, 0.0, 0.002277904328018223, 0.05592099152225377, 0.0]
mean_equalized_odds_train : [0.0, 0.0, 0.0005629029058219218, 0.053536549324280557, 0.0]
overall_misclassification_rate_test : [0.050719246031746046, 0.07222557433740692, 0.04908855207195684, 0.061019670814933785, 0.09461678427195663]
statistical_parity_test : [0.0, 0.0, 0.0, 0.07074802622775328, 0.0]
predictive_equality_test : [0.0, 0.0, 0.0, 0.08006426563127594, 0.0]
equal_opportunity_test : [0.0, 0.0, 0.0, 0.03384302822925578, 0.0]
max_equalized_odds_test : [0.0, 0.0, 0.0, 0.08006426563127594, 0.0]
mean_equalized_odds_test : [0.0, 0.0, 0.0, 0.06185834160215238, 0.0]
end
