dataset : data/customer.csv
labels_name : ['A', 'B', 'C', 'D']
s : 10.0
eod : 0.15
a : 1.0
sensitive_groups : ['Gender == Female']
sensitive_labels : ['A', 'B', 'C', 'D']
time_limit : 3600
lambda_bound : 9
n_folds : 5
nb_samples : 4765
nb_features : 33
nb_labels : 4
optimality_gap : [0.9900518806365951, 0.9896609056218104, 0.988612134849211, 0.9845911162512564, 0.9896404251499173]
execution_time : [3600.2306809425354, 3600.010936021805, 3600.0618150234222, 3600.1019010543823, 3600.1422262191772]
objective_function : [0.7093454879328445, 0.7075091815320049, 0.7111096537250793, 0.4766067681007324, 0.715116736621197]
sparsity : [1, 1, 30, 33, 1]
accuracy_train : [0.2906610703043022, 0.29249737670514164, 0.28908709338929695, 0.5254459601259182, 0.2848898216159496]
balanced_accuracy_train : [0.25, 0.25, 0.25110315842931635, 0.49509583848875194, 0.25]
accuracy_test : [0.2812172088142707, 0.2738719832109129, 0.29275970619097585, 0.5257082896117523, 0.304302203567681]
balanced_accuracy_test : [0.25, 0.25, 0.2510018601088711, 0.5008902888078729, 0.25]
overall_misclassification_rate_train : [0.06429401611111296, 0.061258034137434025, 0.06567634487471585, 0.0529302122813573, 0.0535418392709196]
statistical_parity_train : [0.0, 0.0, 0.0009492168960607499, 0.05704282994359333, 0.0]
predictive_equality_train : [0.0, 0.0, 0.0013004673724945626, 0.07436514489397261, 0.0]
equal_opportunity_train : [0.0, 0.0, 0.003976143141153081, 0.1062310088685654, 0.0]
max_equalized_odds_train : [0.0, 0.0, 0.003976143141153081, 0.1062310088685654, 0.0]
mean_equalized_odds_train : [0.0, 0.0, 0.0009825621298442293, 0.055595401421789606, 0.0]
overall_misclassification_rate_test : [0.050719246031746046, 0.07222557433740692, 0.05524626408460087, 0.03601409518711807, 0.09461678427195663]
statistical_parity_test : [0.0, 0.0, 0.0038535645472061657, 0.10060662830634726, 0.0]
predictive_equality_test : [0.0, 0.0, 0.005617977528089901, 0.07164904192033666, 0.0]
equal_opportunity_test : [0.0, 0.0, 0.0136986301369863, 0.14102878138395591, 0.0]
max_equalized_odds_test : [0.0, 0.0, 0.0136986301369863, 0.14102878138395591, 0.0]
mean_equalized_odds_test : [0.0, 0.0, 0.00651576719392287, 0.0863789579602381, 0.0]
end
