dataset : data/customer.csv
labels_name : ['A', 'B', 'C', 'D']
s : 10.0
eod : 0.2
a : 1.0
sensitive_groups : ['Gender == Female']
sensitive_labels : ['A', 'B', 'C', 'D']
time_limit : 3600
lambda_bound : 9
n_folds : 5
nb_samples : 4765
nb_features : 33
nb_labels : 4
optimality_gap : [0.9893814769122148, 0.989322792740765, 0.9909788066263738, 0.9890194672154066, 0.9845957242739282]
execution_time : [3600.317531108856, 3600.1733300685883, 3600.209710121155, 3600.11732506752, 3600.084426879883]
objective_function : [0.7093454879328445, 0.7075091815320049, 0.7119687827911865, 0.5991277544596001, 0.43176810073452093]
sparsity : [1, 1, 1, 35, 36]
accuracy_train : [0.2906610703043022, 0.29249737670514164, 0.28803777544596015, 0.526495278069255, 0.5684679958027282]
balanced_accuracy_train : [0.25, 0.25, 0.25, 0.496113689585643, 0.5389499596691834]
accuracy_test : [0.2812172088142707, 0.2738719832109129, 0.291710388247639, 0.5246589716684156, 0.5561385099685204]
balanced_accuracy_test : [0.25, 0.25, 0.25, 0.49889764932819736, 0.5194323429672041]
overall_misclassification_rate_train : [0.06429401611111296, 0.061258034137434025, 0.06483902979455436, 0.04328924891901992, 0.034030877230492376]
statistical_parity_train : [0.0, 0.0, 0.0, 0.046134050427943496, 0.036907243588030325]
predictive_equality_train : [0.0, 0.0, 0.0, 0.060434581227218676, 0.04053683742188605]
equal_opportunity_train : [0.0, 0.0, 0.0, 0.08372079148004047, 0.02717400405244741]
max_equalized_odds_train : [0.0, 0.0, 0.0, 0.08372079148004047, 0.04053683742188605]
mean_equalized_odds_train : [0.0, 0.0, 0.0, 0.04579678076415457, 0.037097976053727784]
overall_misclassification_rate_test : [0.050719246031746046, 0.07222557433740692, 0.04908855207195684, 0.026557830411704342, 0.04620334620334621]
statistical_parity_test : [0.0, 0.0, 0.0, 0.10010705205406134, 0.06035148448941552]
predictive_equality_test : [0.0, 0.0, 0.0, 0.07097602673494802, 0.04152426520847573]
equal_opportunity_test : [0.0, 0.0, 0.0, 0.13937538273116962, 0.08058840090090091]
max_equalized_odds_test : [0.0, 0.0, 0.0, 0.13937538273116962, 0.08058840090090091]
mean_equalized_odds_test : [0.0, 0.0, 0.0, 0.0857366972592333, 0.04291533668522979]
end
