dataset : data/customer.csv
labels_name : ['A', 'B', 'C', 'D']
s : 10.0
eod : 0.25
a : 1.0
sensitive_groups : ['Gender == Female']
sensitive_labels : ['A', 'B', 'C', 'D']
time_limit : 3600
lambda_bound : 9
n_folds : 5
nb_samples : 4765
nb_features : 33
nb_labels : 4
optimality_gap : [0.9932836940111524, 0.9895605607881799, 0.982092577409837, 0.9898489097766152, 0.9834660623930725]
execution_time : [3600.156527042389, 3600.0553438663483, 3600.1717660427094, 3600.0132768154144, 3600.0793058872223]
objective_function : [0.7093454879328445, 0.6014952780692538, 0.5211044071353598, 0.4758132214060839, 0.43142707240293643]
sparsity : [1, 36, 18, 32, 24]
accuracy_train : [0.2906610703043022, 0.3987408184679958, 0.5663693599160545, 0.526495278069255, 0.5687303252885625]
balanced_accuracy_train : [0.25, 0.37075809552791716, 0.5365526521260697, 0.49604336806632493, 0.5393369661949705]
accuracy_test : [0.2812172088142707, 0.36306400839454356, 0.5991605456453305, 0.5236096537250787, 0.5561385099685204]
balanced_accuracy_test : [0.25, 0.36099817631213504, 0.5516537501454659, 0.49834461880829695, 0.5194323429672041]
overall_misclassification_rate_train : [0.06429401611111296, 0.04042041606957936, 0.03732760648418135, 0.04233505044573749, 0.03296963946869069]
statistical_parity_train : [0.0, 0.03679390003683136, 0.0479259889183799, 0.0463453531201623, 0.03632038912793645]
predictive_equality_train : [0.0, 0.05640834021386909, 0.04450071503705194, 0.059943210423505255, 0.0399023196553886]
equal_opportunity_train : [0.0, 0.06848050723329124, 0.0568820857037613, 0.08372079148004047, 0.02494683256024255]
max_equalized_odds_train : [0.0, 0.06848050723329124, 0.0568820857037613, 0.08372079148004047, 0.0399023196553886]
mean_equalized_odds_train : [0.0, 0.049224993010635085, 0.042054358999930014, 0.04485623250344326, 0.03605359645488014]
overall_misclassification_rate_test : [0.050719246031746046, 0.07222557433740692, 0.02897720714241317, 0.01994290557116729, 0.04620334620334621]
statistical_parity_test : [0.0, 0.013652614799938761, 0.009722703177858949, 0.10247111824791477, 0.06035148448941552]
predictive_equality_test : [0.0, 0.055260935652761356, 0.025976541861857633, 0.0741709149138618, 0.04152426520847573]
equal_opportunity_test : [0.0, 0.09848484848484845, 0.04031620553359683, 0.14807103490508267, 0.08058840090090091]
max_equalized_odds_test : [0.0, 0.09848484848484845, 0.04031620553359683, 0.14807103490508267, 0.08058840090090091]
mean_equalized_odds_test : [0.0, 0.06709875438222068, 0.024727443681099935, 0.08913923445230956, 0.04291533668522979]
end
