dataset : data/customer.csv
labels_name : ['A', 'B', 'C', 'D']
s : 10.0
eod : 0.3
a : 1.0
sensitive_groups : ['Gender == Female']
sensitive_labels : ['A', 'B', 'C', 'D']
time_limit : 3600
lambda_bound : 9
n_folds : 5
nb_samples : 4765
nb_features : 33
nb_labels : 4
optimality_gap : [0.9932836940111524, 0.9900175058972425, 0.989449218279805, 0.9916107116573354, 0.9905401634135199]
execution_time : [3600.198954105377, 3600.123717069626, 3600.008120059967, 3600.130175113678, 3600.057615041733]
objective_function : [0.7093454879328445, 0.7075091815320049, 0.7119687827911865, 0.576246065057711, 0.5117458027282243]
sparsity : [1, 1, 1, 26, 31]
accuracy_train : [0.2906610703043022, 0.29249737670514164, 0.28803777544596015, 0.5267576075550892, 0.5708289611752361]
balanced_accuracy_train : [0.25, 0.25, 0.25, 0.4963693133075244, 0.5410099113519591]
accuracy_test : [0.2812172088142707, 0.2738719832109129, 0.291710388247639, 0.5246589716684156, 0.5624344176285414]
balanced_accuracy_test : [0.25, 0.25, 0.25, 0.49931738145421134, 0.5250673303515606]
overall_misclassification_rate_train : [0.06429401611111296, 0.061258034137434025, 0.06483902979455436, 0.04281214968237873, 0.033668965087170724]
statistical_parity_train : [0.0, 0.0, 0.0, 0.04682245235680349, 0.029190163116586954]
predictive_equality_train : [0.0, 0.0, 0.0, 0.06058259661276355, 0.04053683742188605]
equal_opportunity_train : [0.0, 0.0, 0.0, 0.08372079148004047, 0.02564177704841164]
max_equalized_odds_train : [0.0, 0.0, 0.0, 0.08372079148004047, 0.04053683742188605]
mean_equalized_odds_train : [0.0, 0.0, 0.0, 0.045331578899130046, 0.03670366474969865]
overall_misclassification_rate_test : [0.050719246031746046, 0.07222557433740692, 0.04908855207195684, 0.024671037958874154, 0.04620334620334621]
statistical_parity_test : [0.0, 0.0, 0.0, 0.10247111824791477, 0.055017086051568825]
predictive_equality_test : [0.0, 0.0, 0.0, 0.0741709149138618, 0.04049897470950102]
equal_opportunity_test : [0.0, 0.0, 0.0, 0.13937538273116962, 0.08058840090090091]
max_equalized_odds_test : [0.0, 0.0, 0.0, 0.13937538273116962, 0.08058840090090091]
mean_equalized_odds_test : [0.0, 0.0, 0.0, 0.0881705784952159, 0.044050602660570905]
end
