dataset : data/customer.csv
labels_name : ['A', 'B', 'C', 'D']
s : 10.0
eod : 0.4
a : 1.0
sensitive_groups : ['Gender == Female']
sensitive_labels : ['A', 'B', 'C', 'D']
time_limit : 3600
lambda_bound : 9
n_folds : 5
nb_samples : 4765
nb_features : 33
nb_labels : 4
optimality_gap : [0.9932836940111524, 0.989679230382008, 0.988195418770283, 0.9897858385403577, 0.9932304315925143]
execution_time : [3600.171712875366, 3600.010051012039, 3600.0893490314484, 3600.009335041046, 3600.1538529396057]
objective_function : [0.7093454879328445, 0.7072665267576083, 0.7119687827911865, 0.4728751311647408, 0.715116736621197]
sparsity : [1, 4, 1, 24, 1]
accuracy_train : [0.2906610703043022, 0.29275970619097585, 0.28803777544596015, 0.5272822665267576, 0.2848898216159496]
balanced_accuracy_train : [0.25, 0.2503364737550471, 0.25, 0.496744134186414, 0.25]
accuracy_test : [0.2812172088142707, 0.27492130115424973, 0.291710388247639, 0.5257082896117523, 0.304302203567681]
balanced_accuracy_test : [0.25, 0.25116822429906543, 0.25, 0.49999897091410045, 0.25]
overall_misclassification_rate_train : [0.06429401611111296, 0.060681000092425386, 0.06483902979455436, 0.04254635313795618, 0.0535418392709196]
statistical_parity_train : [0.0, 0.0005770340450086555, 0.0, 0.046767958504599805, 0.0]
predictive_equality_train : [0.0, 0.0007788161993769194, 0.0, 0.06038725658013977, 0.0]
equal_opportunity_train : [0.0, 0.002824858757062147, 0.0, 0.08351623062531699, 0.0]
max_equalized_odds_train : [0.0, 0.002824858757062147, 0.0, 0.08351623062531699, 0.0]
mean_equalized_odds_train : [0.0, 0.0005510145041237018, 0.0, 0.04509336460219882, 0.0]
overall_misclassification_rate_test : [0.050719246031746046, 0.07715168271179115, 0.04908855207195684, 0.024671037958874154, 0.09461678427195663]
statistical_parity_test : [0.0, 0.009852216748768473, 0.0, 0.0986975333422544, 0.0]
predictive_equality_test : [0.0, 0.012903225806451646, 0.0, 0.0717496074078085, 0.0]
equal_opportunity_test : [0.0, 0.009259259259259259, 0.0, 0.13937538273116962, 0.0]
max_equalized_odds_test : [0.0, 0.012903225806451646, 0.0, 0.13937538273116962, 0.0]
mean_equalized_odds_test : [0.0, 0.009885707027195932, 0.0, 0.08429015856912395, 0.0]
end
