dataset : data/customer.csv
labels_name : ['A', 'B', 'C', 'D']
s : 10.0
eod : 0.6
a : 1.0
sensitive_groups : ['Gender == Female']
sensitive_labels : ['A', 'B', 'C', 'D']
time_limit : 3600
lambda_bound : 9
n_folds : 5
nb_samples : 4765
nb_features : 33
nb_labels : 4
optimality_gap : [0.990013487109098, 0.9896711636691665, 0.9832561046629268, 0.9898312498565882, 0.9932304315925143]
execution_time : [3600.162934780121, 3600.0093801021576, 3600.014748096466, 3600.0139338970184, 3600.0173120498657]
objective_function : [0.4770658447009422, 0.7075091815320049, 0.48732292759705964, 0.47498688352570617, 0.715116736621197]
sparsity : [23, 1, 27, 26, 1]
accuracy_train : [0.5362014690451207, 0.29249737670514164, 0.5697796432318992, 0.526495278069255, 0.2848898216159496]
balanced_accuracy_train : [0.492100655128207, 0.25, 0.5397305109155746, 0.496113689585643, 0.25]
accuracy_test : [0.4963273871983211, 0.2738719832109129, 0.6065057712486883, 0.5236096537250787, 0.304302203567681]
balanced_accuracy_test : [0.4630384131213227, 0.25, 0.5582175073242945, 0.49834461880829695, 0.25]
overall_misclassification_rate_train : [0.04976192147698949, 0.061258034137434025, 0.04034505843529529, 0.04387199950177045, 0.0535418392709196]
statistical_parity_train : [0.03790089737718036, 0.0, 0.04658316712758892, 0.04671680101069409, 0.0]
predictive_equality_train : [0.03724039805859908, 0.0, 0.043401223781570686, 0.061221982802021846, 0.0]
equal_opportunity_train : [0.07185465930625357, 0.0, 0.04886014816027506, 0.08372079148004047, 0.0]
max_equalized_odds_train : [0.07185465930625357, 0.0, 0.04886014816027506, 0.08372079148004047, 0.0]
mean_equalized_odds_train : [0.03985947260045548, 0.0, 0.04482037227561477, 0.04638216797900036, 0.0]
overall_misclassification_rate_test : [0.05201690051020408, 0.07222557433740692, 0.02897720714241317, 0.01994290557116729, 0.09461678427195663]
statistical_parity_test : [0.013778167517006779, 0.0, 0.01655079335482096, 0.10247111824791477, 0.0]
predictive_equality_test : [0.05097161982172743, 0.0, 0.050403296819414606, 0.0741709149138618, 0.0]
equal_opportunity_test : [0.021367521367521403, 0.0, 0.03988501616960116, 0.14807103490508267, 0.0]
max_equalized_odds_test : [0.05097161982172743, 0.0, 0.050403296819414606, 0.14807103490508267, 0.0]
mean_equalized_odds_test : [0.040307253226795445, 0.0, 0.03734944426291458, 0.08913923445230956, 0.0]
end
