dataset : data/customer.csv
labels_name : ['A', 'B', 'C', 'D']
s : 10.0
eod : 0.7
a : 1.0
sensitive_groups : ['Gender == Female']
sensitive_labels : ['A', 'B', 'C', 'D']
time_limit : 3600
lambda_bound : 9
n_folds : 5
nb_samples : 4765
nb_features : 33
nb_labels : 4
optimality_gap : [0.9885451440878187, 0.9896711636691665, 0.9872390067380866, 0.9879701287856437, 0.9870205790936031]
execution_time : [3600.2421350479126, 3600.1300790309906, 3600.1198110580444, 3600.0933549404144, 3600.021385192871]
objective_function : [0.5916251311647418, 0.7075091815320049, 0.6002951206715625, 0.5888247639034615, 0.5089913431269653]
sparsity : [11, 1, 13, 24, 11]
accuracy_train : [0.4084470094438615, 0.29249737670514164, 0.4249737670514166, 0.5267576075550892, 0.4910807974816369]
balanced_accuracy_train : [0.3745195315149642, 0.25, 0.40045015256459343, 0.4963693133075244, 0.4533133718616026]
accuracy_test : [0.4176285414480588, 0.2738719832109129, 0.46589716684155297, 0.5236096537250787, 0.5099685204616999]
balanced_accuracy_test : [0.38506858420448364, 0.25, 0.41148754000601795, 0.49800159198052707, 0.45440022615490905]
overall_misclassification_rate_train : [0.0646545047710424, 0.061258034137434025, 0.027250319073274798, 0.04328924891901992, 0.1310032872758372]
statistical_parity_train : [0.0651058120578164, 0.0, 0.006878899687816187, 0.04729955159344468, 0.09772852803093068]
predictive_equality_train : [0.08796053991200659, 0.0, 0.025836024472332367, 0.061221982802021846, 0.1546302651312947]
equal_opportunity_train : [0.027617825677871854, 0.0, 0.06199703827150982, 0.08372079148004047, 0.1715672108520779]
max_equalized_odds_train : [0.08796053991200659, 0.0, 0.06199703827150982, 0.08372079148004047, 0.1715672108520779]
mean_equalized_odds_train : [0.0680401010143438, 0.0, 0.03463726150414023, 0.04580692529481682, 0.11674659215917021]
overall_misclassification_rate_test : [0.07375814909297052, 0.07222557433740692, 0.0318363034193726, 0.024671037958874154, 0.11182266009852215]
statistical_parity_test : [0.06234056122448983, 0.0, 0.02212247942249812, 0.10719925063562163, 0.05862512759064484]
predictive_equality_test : [0.09016870273414779, 0.0, 0.05980768553414814, 0.08056069127168924, 0.10011834319526625]
equal_opportunity_test : [0.08264652014652007, 0.0, 0.07510830113569833, 0.13937538273116962, 0.11789132882882883]
max_equalized_odds_test : [0.09016870273414779, 0.0, 0.07510830113569833, 0.13937538273116962, 0.11789132882882883]
mean_equalized_odds_test : [0.07741238032899753, 0.0, 0.054406179198139976, 0.09303834096718097, 0.07287955835699801]
end
