dataset : data/customer.csv
labels_name : ['A', 'B', 'C', 'D']
s : 10.0
eod : 1.0
a : 1.0
sensitive_groups : ['Gender == Female']
sensitive_labels : ['A', 'B', 'C', 'D']
time_limit : 3600
lambda_bound : 9
n_folds : 5
nb_samples : 4765
nb_features : 33
nb_labels : 4
optimality_gap : [0.9873108032101521, 0.9913294716033133, 0.9892187578496524, 0.9842634536071126, 0.9860734678143098]
execution_time : [3600.0123829841614, 3600.0519847869873, 3600.070578098297, 3600.0740699768066, 3600.008903026581]
objective_function : [0.5214782266526735, 0.6668087618048267, 0.7119687827911865, 0.4180285939139544, 0.5150970619097563]
sparsity : [35, 35, 1, 21, 22]
accuracy_train : [0.4792759706190976, 0.33342077649527807, 0.28803777544596015, 0.582109129066107, 0.48530954879328436]
balanced_accuracy_train : [0.4561290603824365, 0.3254738535000967, 0.25, 0.5479819651961801, 0.44815560277419586]
accuracy_test : [0.45855194123819515, 0.316894018887723, 0.291710388247639, 0.5760755508919203, 0.5015739769150053]
balanced_accuracy_test : [0.4356664494107144, 0.3232054856982515, 0.25, 0.5441268501044537, 0.4464838659351822]
overall_misclassification_rate_train : [0.03224116969934021, 0.05981503269443261, 0.06483902979455436, 0.032568417587501536, 0.12822046128765002]
statistical_parity_train : [0.0338274312369274, 0.030611947519045057, 0.0, 0.021875389241801463, 0.0944958174091991]
predictive_equality_train : [0.014033628719613778, 0.03754160966368736, 0.0, 0.03390345360837683, 0.14985129261038665]
equal_opportunity_train : [0.05983356677927004, 0.0952809459035262, 0.0, 0.04376749954186898, 0.1644978326036792]
max_equalized_odds_train : [0.05983356677927004, 0.0952809459035262, 0.0, 0.04376749954186898, 0.1644978326036792]
mean_equalized_odds_train : [0.017535411134004704, 0.03741497933193744, 0.0, 0.03641345480341549, 0.1128944995541552]
overall_misclassification_rate_test : [0.020306299603174593, 0.07222557433740692, 0.04908855207195684, 0.047834426156385196, 0.11789375582479034]
statistical_parity_test : [0.04381466128117914, 0.010761790689925332, 0.0, 0.08244792363620146, 0.050623529933874756]
predictive_equality_test : [0.0182370820668693, 0.015305763136272965, 0.0, 0.06403132949524702, 0.10366863905325452]
equal_opportunity_test : [0.12751831501831506, 0.00990099009900991, 0.0, 0.0949494949494949, 0.11669481981981983]
max_equalized_odds_test : [0.12751831501831506, 0.015305763136272965, 0.0, 0.0949494949494949, 0.11669481981981983]
mean_equalized_odds_test : [0.04896884537325699, 0.014007029636238085, 0.0, 0.06638512141215663, 0.07258310769328614]
end
