dataset : data/synthetic.csv
labels_name : ['L1', 'L2', 'L3']
s : 3.0
eod : 0.03
a : 1.0
sensitive_groups : ['A1']
sensitive_labels : ['L1']
time_limit : 3600
lambda_bound : 9
n_folds : 5
nb_samples : 642
nb_features : 7
nb_labels : 3
optimality_gap : [0.7199537712602769, 0.23573592906014548, 0.4817735186356633, 0.5086361372530454, 0.4704828173794089]
execution_time : [3600.003201007843, 3600.0013840198517, 3600.0069811344147, 3600.003911972046, 3600.0016050338745]
objective_function : [0.3099415204678363, 0.1381849685943253, 0.2684824902723736, 0.25075659316904453, 0.23735408560311283]
sparsity : [9, 8, 9, 8, 9]
accuracy_train : [0.6920077972709552, 0.8635477582846004, 0.7334630350194552, 0.7509727626459144, 0.7645914396887159]
balanced_accuracy_train : [0.6865079365079364, 0.863193909330251, 0.7156933464135266, 0.751338153873358, 0.7625800689825081]
accuracy_test : [0.7829457364341085, 0.813953488372093, 0.6640625, 0.7265625, 0.7890625]
balanced_accuracy_test : [0.7551020408163266, 0.8018835849313205, 0.6881796690307329, 0.726858326858327, 0.7877579737335835]
overall_misclassification_rate_train : [0.16091359751832365, 0.0121784345922277, 0.13016594680609228, 0.020667485481205172, 0.04976299728923417]
statistical_parity_train : [0.04312520908731486, 0.145320197044335, 0.0729408198833068, 0.14012342871006384, 0.14768373389063044]
predictive_equality_train : [0.01015228426395939, 0.021995286724273366, 0.010058568882098294, 0.0018636227495091306, 0.02834363703928921]
equal_opportunity_train : [0.01364522417153996, 0.017449181507465328, 0.013813813813813802, 0.012212643678160995, 0.017317612380250536]
max_equalized_odds_train : [0.01364522417153996, 0.021995286724273366, 0.013813813813813802, 0.012212643678160995, 0.02834363703928921]
mean_equalized_odds_train : [0.011296171017319109, 0.020577398157627585, 0.011198293024797943, 0.005165644991335795, 0.02482560582512123]
overall_misclassification_rate_test : [0.14203177660086663, 0.1378977820636451, 0.140625, 0.15298142717497554, 0.01568627450980392]
statistical_parity_test : [0.09845931632161771, 0.09860173577627773, 0.03125, 0.20821114369501467, 0.016666666666666663]
predictive_equality_test : [0.03636363636363636, 0.21568627450980393, 0.02272727272727272, 0.15566037735849056, 0.06616161616161617]
equal_opportunity_test : [0.0, 0.021212121212121238, 0.02217741935483869, 0.07692307692307698, 0.13333333333333341]
max_equalized_odds_test : [0.03636363636363636, 0.21568627450980393, 0.02272727272727272, 0.15566037735849056, 0.13333333333333341]
mean_equalized_odds_test : [0.02649753347427766, 0.15086155674390972, 0.0225253734420821, 0.1316701061320755, 0.08662799873737376]
end
