dataset : data/synthetic.csv
labels_name : ['L1', 'L2', 'L3']
s : 5.0
eod : 0.01
a : 1.0
sensitive_groups : ['A1']
sensitive_labels : ['L1']
time_limit : 3600
lambda_bound : 9
n_folds : 5
nb_samples : 642
nb_features : 7
nb_labels : 3
optimality_gap : [0.519489131355499, 0.4971723724633699, 0.49725813704156646, 0.5611414989464861, 0.5443615400679719]
execution_time : [3600.007626056671, 3600.0085418224335, 3600.0039689540863, 3600.0088489055634, 3600.0086472034454]
objective_function : [0.2860298895386615, 0.25471085120207926, 0.27561608300907914, 0.29714656290531777, 0.2523994811932555]
sparsity : [11, 10, 10, 11, 11]
accuracy_train : [0.7153996101364523, 0.746588693957115, 0.72568093385214, 0.7042801556420234, 0.7490272373540856]
balanced_accuracy_train : [0.7124361043852568, 0.7366459577473833, 0.7063512673040054, 0.6959955347079679, 0.7500913253646644]
accuracy_test : [0.7286821705426356, 0.7054263565891473, 0.6796875, 0.765625, 0.796875]
balanced_accuracy_test : [0.6969009826152682, 0.6984564123487011, 0.7023640661938534, 0.7505568505568506, 0.7887742338961851]
overall_misclassification_rate_train : [0.11876159484200602, 0.10919540229885058, 0.15682352049708265, 0.1399111434593398, 0.0065421834537276735]
statistical_parity_train : [0.07496730634713056, 0.07211275314723589, 0.07037963173448511, 0.06236637401628531, 0.15122741659473293]
predictive_equality_train : [0.003464124022499654, 0.0070699135899450136, 0.004647313470842879, 0.005723984159206635, 0.009763183676227166]
equal_opportunity_train : [0.005847953216374269, 0.0010793308148948078, 0.004204204204204198, 0.002873563218390829, 0.005526897568165046]
max_equalized_odds_train : [0.005847953216374269, 0.0070699135899450136, 0.004647313470842879, 0.005723984159206635, 0.009763183676227166]
mean_equalized_odds_train : [0.004244793232189586, 0.005201505706888419, 0.004512828946337754, 0.004814511329841281, 0.008411528186495284]
overall_misclassification_rate_test : [0.169475204622051, 0.09908389585342334, 0.125, 0.0913978494623656, 0.054901960784313725]
statistical_parity_test : [0.03635050553683196, 0.02555448408871744, 0.078125, 0.07233626588465297, 0.024509803921568596]
predictive_equality_test : [0.047086247086247084, 0.11764705882352941, 0.0018939393939393923, 0.028825995807127885, 0.1090909090909091]
equal_opportunity_test : [0.1071428571428571, 0.07575757575757575, 0.04233870967741937, 0.038461538461538436, 0.02499999999999991]
max_equalized_odds_test : [0.1071428571428571, 0.11764705882352941, 0.04233870967741937, 0.038461538461538436, 0.1090909090909091]
mean_equalized_odds_test : [0.06338067617137383, 0.10368389780154486, 0.016744753482404697, 0.0317618252096436, 0.0834694602272727]
end
