dataset : data/synthetic.csv
labels_name : ['L1', 'L2', 'L3']
s : 5.0
eod : 0.02
a : 1.0
sensitive_groups : ['A1']
sensitive_labels : ['L1']
time_limit : 3600
lambda_bound : 9
n_folds : 5
nb_samples : 642
nb_features : 7
nb_labels : 3
optimality_gap : [0.24332982179579124, 0.0, 0.4764652885011622, 0.40172450031104956, 0.33566335650043383]
execution_time : [3600.001718044281, 1206.6081790924072, 3600.005089044571, 3600.004301071167, 3600.009031057358]
objective_function : [0.1554256010396361, 0.147498375568551, 0.24643320363164722, 0.23670557717250323, 0.17833981841763943]
sparsity : [11, 10, 10, 10, 10]
accuracy_train : [0.8460038986354775, 0.8538011695906432, 0.754863813229572, 0.7645914396887159, 0.8229571984435797]
balanced_accuracy_train : [0.8450699488835083, 0.8535083424302746, 0.748289636511692, 0.7594452688428129, 0.8235477143172686]
accuracy_test : [0.8372093023255814, 0.7829457364341085, 0.78125, 0.78125, 0.828125]
balanced_accuracy_test : [0.833560090702948, 0.7716833265333878, 0.7911347517730496, 0.7695933695933697, 0.8244996873045652]
overall_misclassification_rate_train : [0.006432286122684816, 0.015188834154351391, 0.03364401000227324, 0.08332196090918742, 0.003664834249541893]
statistical_parity_train : [0.14544873939357078, 0.1483305966064587, 0.11351064635902097, 0.10397428315819798, 0.18369603077249252]
predictive_equality_train : [0.01876114693373576, 0.005793401413982713, 0.014005602240896364, 0.018969017271789415, 0.013715752846187632]
equal_opportunity_train : [0.00877192982456143, 0.017449181507465328, 0.013213213213213226, 0.010775862068965525, 0.008843036109064117]
max_equalized_odds_train : [0.01876114693373576, 0.017449181507465328, 0.014005602240896364, 0.018969017271789415, 0.013715752846187632]
mean_equalized_odds_train : [0.015489824371666976, 0.00942873243729113, 0.013765110629381638, 0.016354858802405916, 0.012161033887261063]
overall_misclassification_rate_test : [0.06740491092922485, 0.07907425265188042, 0.015625, 0.04301075268817206, 0.028431372549019618]
statistical_parity_test : [0.1336061627347135, 0.06918997107039537, 0.125, 0.09042033235581623, 0.007843137254901933]
predictive_equality_test : [0.03216783216783216, 0.18711484593837535, 0.05492424242424243, 0.04769392033542977, 0.04242424242424242]
equal_opportunity_test : [0.2857142857142857, 0.11212121212121218, 0.05443548387096775, 0.07692307692307687, 0.15833333333333333]
max_equalized_odds_test : [0.2857142857142857, 0.18711484593837535, 0.05492424242424243, 0.07692307692307687, 0.15833333333333333]
mean_equalized_odds_test : [0.1009595056106684, 0.16211696799932096, 0.05474477639296188, 0.0565996789832285, 0.07774029356060605]
end
