dataset : data/synthetic.csv
labels_name : ['L1', 'L2', 'L3']
s : 5.0
eod : 0.03
a : 1.0
sensitive_groups : ['A1']
sensitive_labels : ['L1']
time_limit : 3600
lambda_bound : 9
n_folds : 5
nb_samples : 642
nb_features : 7
nb_labels : 3
optimality_gap : [0.32136900160588094, 0.0, 0.40501534619426977, 0.543655065161106, 0.19292688500061644]
execution_time : [3600.0153608322144, 2113.1692130565643, 3600.0065031051636, 3600.0012929439545, 3600.007138967514]
objective_function : [0.16881091617933722, 0.1299545159194282, 0.23294422827496758, 0.25006485084306096, 0.17068741893644618]
sparsity : [9, 10, 11, 8, 11]
accuracy_train : [0.8323586744639376, 0.8713450292397661, 0.7684824902723736, 0.7509727626459144, 0.830739299610895]
balanced_accuracy_train : [0.8321899381221415, 0.8706426989019457, 0.7576413334102757, 0.751338153873358, 0.8311234718930262]
accuracy_test : [0.813953488372093, 0.813953488372093, 0.7109375, 0.7265625, 0.828125]
balanced_accuracy_test : [0.8297808012093726, 0.8018835849313205, 0.722695035460993, 0.726858326858327, 0.8244996873045652]
overall_misclassification_rate_train : [0.05299413034883366, 0.0121784345922277, 0.07854815488368569, 0.020667485481205172, 0.000318022806778423]
statistical_parity_train : [0.14408016787810596, 0.145320197044335, 0.10849435477760097, 0.14012342871006384, 0.18034921932972908]
predictive_equality_train : [0.029084922485937692, 0.021995286724273366, 0.019862490450725745, 0.0018636227495091306, 0.02935711631363805]
equal_opportunity_train : [0.02631578947368418, 0.017449181507465328, 0.0294294294294295, 0.012212643678160995, 0.008843036109064117]
max_equalized_odds_train : [0.029084922485937692, 0.021995286724273366, 0.0294294294294295, 0.012212643678160995, 0.02935711631363805]
mean_equalized_odds_train : [0.02817807190882543, 0.020577398157627585, 0.022766075043484085, 0.005165644991335795, 0.02281176776587516]
overall_misclassification_rate_test : [0.12253249879634089, 0.1378977820636451, 0.109375, 0.15298142717497554, 0.01568627450980392]
statistical_parity_test : [0.15262397688974483, 0.09860173577627773, 0.0625, 0.20821114369501467, 0.05196078431372547]
predictive_equality_test : [0.09324009324009322, 0.21568627450980393, 0.02272727272727272, 0.15566037735849056, 0.1106060606060606]
equal_opportunity_test : [0.0357142857142857, 0.021212121212121238, 0.04838709677419356, 0.07692307692307698, 0.15833333333333333]
max_equalized_odds_test : [0.09324009324009322, 0.21568627450980393, 0.04838709677419356, 0.15566037735849056, 0.15833333333333333]
mean_equalized_odds_test : [0.07763231600440901, 0.15086155674390972, 0.03214923936950147, 0.1316701061320755, 0.12514796401515152]
end
