dataset : data/synthetic.csv
labels_name : ['L1', 'L2', 'L3']
s : 5.0
eod : 0.04
a : 1.0
sensitive_groups : ['A1']
sensitive_labels : ['L1']
time_limit : 3600
lambda_bound : 9
n_folds : 5
nb_samples : 642
nb_features : 7
nb_labels : 3
optimality_gap : [0.0, 0.0, 0.37074884083264703, 0.0, 0.15217518956146261]
execution_time : [1747.2618770599365, 1050.1305770874023, 3600.0037660598755, 2718.0476610660553, 3600.0018649101257]
objective_function : [0.147498375568551, 0.1299545159194282, 0.19377431906614787, 0.14915693904020752, 0.16666666666666666]
sparsity : [10, 10, 9, 10, 10]
accuracy_train : [0.8538011695906432, 0.8713450292397661, 0.8073929961089494, 0.8521400778210116, 0.8346303501945526]
balanced_accuracy_train : [0.8518966908797418, 0.8706426989019457, 0.8132321541923941, 0.8509086834769591, 0.8350419671908318]
accuracy_test : [0.8682170542635659, 0.813953488372093, 0.8125, 0.875, 0.84375]
balanced_accuracy_test : [0.8701436130007559, 0.8018835849313205, 0.8058707643814027, 0.8721574721574722, 0.8383885761934543]
overall_misclassification_rate_train : [0.007268635382135583, 0.0121784345922277, 0.0654391149503675, 0.0077029219548439, 0.0037556979086214443]
statistical_parity_train : [0.13865150086676198, 0.145320197044335, 0.15006440857770703, 0.14720465814493017, 0.17627549861432917]
predictive_equality_train : [0.03392097681437782, 0.021995286724273366, 0.027629233511586443, 0.03906951978435222, 0.03202594506942333]
equal_opportunity_train : [0.01754385964912286, 0.017449181507465328, 0.027027027027026973, 0.03520114942528729, 0.008843036109064117]
max_equalized_odds_train : [0.03392097681437782, 0.021995286724273366, 0.027629233511586443, 0.03906951978435222, 0.03202594506942333]
mean_equalized_odds_train : [0.028557710374294325, 0.020577398157627585, 0.027446462671914695, 0.03783525375538987, 0.02462906361125424]
overall_misclassification_rate_test : [0.023350987000481466, 0.1378977820636451, 0.03125, 0.02443792766373412, 0.061764705882352944]
statistical_parity_test : [0.13240250361097736, 0.09860173577627773, 0.171875, 0.0972629521016618, 0.025490196078431393]
predictive_equality_test : [0.10163170163170163, 0.21568627450980393, 0.013257575757575774, 0.08542976939203355, 0.0020202020202020193]
equal_opportunity_test : [0.1785714285714286, 0.021212121212121238, 0.032258064516129004, 0.038461538461538436, 0.15833333333333333]
max_equalized_odds_test : [0.1785714285714286, 0.21568627450980393, 0.032258064516129004, 0.08542976939203355, 0.15833333333333333]
mean_equalized_odds_test : [0.12250682134403064, 0.15086155674390972, 0.020234317723607037, 0.07111913653039832, 0.04964685921717171]
end
