dataset : data/synthetic.csv
labels_name : ['L1', 'L2', 'L3']
s : 5.0
eod : 0.05
a : 1.0
sensitive_groups : ['A1']
sensitive_labels : ['L1']
time_limit : 3600
lambda_bound : 9
n_folds : 5
nb_samples : 642
nb_features : 7
nb_labels : 3
optimality_gap : [0.0, 0.0, 0.20036230804372723, 0.05554175289582021, 0.0]
execution_time : [1334.4059550762177, 522.9471650123596, 3600.0038590431213, 3600.0031929016113, 659.1587328910828]
objective_function : [0.147498375568551, 0.12761533463287847, 0.17626459143968873, 0.14915693904020752, 0.1469520103761349]
sparsity : [10, 7, 9, 10, 8]
accuracy_train : [0.8538011695906432, 0.8732943469785575, 0.8249027237354085, 0.8521400778210116, 0.8540856031128404]
balanced_accuracy_train : [0.8518966908797418, 0.8736105759969176, 0.8293611864504588, 0.8509086834769591, 0.8540902082218315]
accuracy_test : [0.8682170542635659, 0.8217054263565892, 0.84375, 0.875, 0.875]
balanced_accuracy_test : [0.8701436130007559, 0.8096355229158166, 0.8429078014184398, 0.8721574721574722, 0.8673519908276006]
overall_misclassification_rate_train : [0.007268635382135583, 0.022851669403393532, 0.06824278245055695, 0.0077029219548439, 0.007102509351384914]
statistical_parity_train : [0.13865150086676198, 0.14860426929392448, 0.14726074107751763, 0.14720465814493017, 0.1729286871715657]
predictive_equality_train : [0.03392097681437782, 0.041895784236711184, 0.040488922841864006, 0.03906951978435222, 0.04766730853687375]
equal_opportunity_train : [0.01754385964912286, 0.028422378125562142, 0.027027027027026973, 0.03520114942528729, 0.008843036109064117]
max_equalized_odds_train : [0.03392097681437782, 0.041895784236711184, 0.040488922841864006, 0.03906951978435222, 0.04766730853687375]
mean_equalized_odds_train : [0.028557710374294325, 0.03769355231120661, 0.03640321127160218, 0.03783525375538987, 0.03527979748986834]
overall_misclassification_rate_test : [0.023350987000481466, 0.1526036644165863, 0.0625, 0.02443792766373412, 0.017647058823529405]
statistical_parity_test : [0.13240250361097736, 0.11330761812921891, 0.140625, 0.0972629521016618, 0.018627450980392146]
predictive_equality_test : [0.10163170163170163, 0.21568627450980393, 0.05681818181818182, 0.08542976939203355, 0.06616161616161617]
equal_opportunity_test : [0.1785714285714286, 0.009090909090909038, 0.032258064516129004, 0.038461538461538436, 0.15833333333333333]
max_equalized_odds_test : [0.1785714285714286, 0.21568627450980393, 0.05681818181818182, 0.08542976939203355, 0.15833333333333333]
mean_equalized_odds_test : [0.12250682134403064, 0.14682115270350563, 0.0478000137463343, 0.07111913653039832, 0.09424518623737374]
end
