dataset : data/synthetic.csv
labels_name : ['L1', 'L2', 'L3']
s : 5.0
eod : 0.07
a : 1.0
sensitive_groups : ['A1']
sensitive_labels : ['L1']
time_limit : 3600
lambda_bound : 9
n_folds : 5
nb_samples : 642
nb_features : 7
nb_labels : 3
optimality_gap : [0.0, 0.0, 0.14439431904028227, 0.0, 0.0]
execution_time : [290.79919695854187, 308.9976050853729, 3600.0015530586243, 522.5486218929291, 304.83702397346497]
objective_function : [0.12228719948018194, 0.11643924626380767, 0.15888456549935148, 0.12412451361867705, 0.12801556420233462]
sparsity : [11, 11, 10, 12, 12]
accuracy_train : [0.8791423001949318, 0.884990253411306, 0.8424124513618677, 0.877431906614786, 0.8735408560311284]
balanced_accuracy_train : [0.876984126984127, 0.8832751396648044, 0.8378296497201223, 0.8753348371634005, 0.8724593495934959]
accuracy_test : [0.875968992248062, 0.8294573643410853, 0.84375, 0.8671875, 0.8828125]
balanced_accuracy_test : [0.8775510204081632, 0.8141574867401061, 0.8513002364066194, 0.8614996114996115, 0.8742964352720449]
overall_misclassification_rate_train : [0.007496730634713067, 0.008757525998905308, 0.00404637417594908, 0.0170131465223127, 0.02463919555373828]
statistical_parity_train : [0.12388613484991332, 0.11124794745484401, 0.1097370614533606, 0.13404297260003945, 0.15869338058243607]
predictive_equality_train : [0.06598984771573604, 0.05970149253731343, 0.06079704609116374, 0.05527638190954774, 0.05314009661835749]
equal_opportunity_train : [0.01754385964912286, 0.05414642921388735, 0.0696696696696697, 0.06106321839080453, 0.05969049373618274]
max_equalized_odds_train : [0.06598984771573604, 0.05970149253731343, 0.0696696696696697, 0.06106321839080453, 0.05969049373618274]
mean_equalized_odds_train : [0.05012449489859956, 0.05796891918107918, 0.06348990460915388, 0.05712276553391762, 0.055230106593694726]
overall_misclassification_rate_test : [0.02214732787674531, 0.0429122468659595, 0.0625, 0.038123167155425214, 0.002941176470588225]
statistical_parity_test : [0.1336061627347135, 0.1347637415621986, 0.171875, 0.06304985337243404, 0.033333333333333326]
predictive_equality_test : [0.10909090909090909, 0.13725490196078433, 0.018939393939393943, 0.07547169811320754, 0.08888888888888889]
equal_opportunity_test : [0.1785714285714286, 0.08181818181818179, 0.03830645161290325, 0.15384615384615385, 0.15833333333333333]
max_equalized_odds_test : [0.1785714285714286, 0.13725490196078433, 0.03830645161290325, 0.15384615384615385, 0.15833333333333333]
mean_equalized_odds_test : [0.12794221282593377, 0.11877599524658347, 0.02605073542888564, 0.09935141509433962, 0.11004774305555556]
end
