dataset : data/synthetic.csv
labels_name : ['L1', 'L2', 'L3']
s : 5.0
eod : 0.09
a : 1.0
sensitive_groups : ['A1']
sensitive_labels : ['L1']
time_limit : 3600
lambda_bound : 9
n_folds : 5
nb_samples : 642
nb_features : 7
nb_labels : 3
optimality_gap : [0.0, 0.0, 0.0, 0.0, 0.0]
execution_time : [183.83744311332703, 658.5298199653625, 209.70258498191833, 362.0379559993744, 97.27076005935669]
objective_function : [0.12228719948018194, 0.11643924626380767, 0.12010376134889754, 0.12399481193255513, 0.12399481193255513]
sparsity : [11, 11, 11, 11, 11]
accuracy_train : [0.8791423001949318, 0.884990253411306, 0.8813229571984436, 0.877431906614786, 0.877431906614786]
balanced_accuracy_train : [0.876984126984127, 0.8832751396648044, 0.8766149870801033, 0.875652051318201, 0.8770787139689579]
accuracy_test : [0.875968992248062, 0.8294573643410853, 0.8671875, 0.8828125, 0.8828125]
balanced_accuracy_test : [0.8775510204081632, 0.8141574867401061, 0.8769109535066981, 0.8795648795648795, 0.8742964352720449]
overall_misclassification_rate_train : [0.007496730634713067, 0.008757525998905308, 0.009108130635750555, 0.00636855752172133, 0.014159586873230046]
statistical_parity_train : [0.12388613484991332, 0.11124794745484401, 0.11070697885883155, 0.13313317866836494, 0.16587160964972059]
predictive_equality_train : [0.06598984771573604, 0.05970149253731343, 0.08333333333333333, 0.07035175879396985, 0.07246376811594203]
equal_opportunity_train : [0.01754385964912286, 0.05414642921388735, 0.07807807807807798, 0.03520114942528729, 0.008843036109064117]
max_equalized_odds_train : [0.06598984771573604, 0.05970149253731343, 0.08333333333333333, 0.07035175879396985, 0.07246376811594203]
mean_equalized_odds_train : [0.05012449489859956, 0.05796891918107918, 0.08173835313913133, 0.05913638926777541, 0.05216454623047904]
overall_misclassification_rate_test : [0.02214732787674531, 0.0429122468659595, 0.015625, 0.025415444770283485, 0.002941176470588225]
statistical_parity_test : [0.1336061627347135, 0.1347637415621986, 0.1875, 0.09628543499511238, 0.033333333333333326]
predictive_equality_test : [0.10909090909090909, 0.13725490196078433, 0.041666666666666664, 0.09433962264150944, 0.08888888888888889]
equal_opportunity_test : [0.1785714285714286, 0.08181818181818179, 0.08870967741935487, 0.038461538461538436, 0.15833333333333333]
max_equalized_odds_test : [0.1785714285714286, 0.13725490196078433, 0.08870967741935487, 0.09433962264150944, 0.15833333333333333]
mean_equalized_odds_test : [0.12794221282593377, 0.11877599524658347, 0.058940272177419366, 0.07731426886792453, 0.11004774305555556]
end
