dataset : data/synthetic.csv
labels_name : ['L1', 'L2', 'L3']
s : 3.0
eod : 0.04
a : 1.0
sensitive_groups : ['A1']
sensitive_labels : ['L1']
time_limit : 3600
lambda_bound : 9
n_folds : 5
nb_samples : 642
nb_features : 7
nb_labels : 3
optimality_gap : [0.31534524282438303, 0.0, 0.4188505020513315, 0.5649158840572527, 0.4261236775899732]
execution_time : [3600.0071070194244, 2056.2542560100555, 3600.001909971237, 3600.0033979415894, 3600.0040640830994]
objective_function : [0.1695906432748538, 0.13450292397660818, 0.19455252918287938, 0.2704280155642024, 0.21379161262429744]
sparsity : [9, 9, 9, 9, 8]
accuracy_train : [0.8323586744639376, 0.8674463937621832, 0.8073929961089494, 0.7315175097276264, 0.7879377431906615]
balanced_accuracy_train : [0.8321899381221415, 0.8669183041160983, 0.8132321541923941, 0.7228958127731566, 0.7854002599587124]
accuracy_test : [0.813953488372093, 0.7906976744186046, 0.8125, 0.75, 0.84375]
balanced_accuracy_test : [0.8297808012093726, 0.7786277709778321, 0.8058707643814027, 0.7303807303807304, 0.8335808838857619]
overall_misclassification_rate_train : [0.05299413034883366, 0.004241926655719763, 0.0654391149503675, 0.15508953888610894, 0.049520694198355364]
statistical_parity_train : [0.14408016787810596, 0.13738368910782706, 0.15006440857770703, 0.06884107416336867, 0.13211576030166736]
predictive_equality_train : [0.029084922485937692, 0.03194553548049228, 0.027629233511586443, 0.010050251256281407, 0.03800547278808148]
equal_opportunity_train : [0.02631578947368418, 0.017449181507465328, 0.027027027027026973, 0.030172413793103425, 0.0003684598378776993]
max_equalized_odds_train : [0.029084922485937692, 0.03194553548049228, 0.027629233511586443, 0.030172413793103425, 0.03800547278808148]
mean_equalized_odds_train : [0.02817807190882543, 0.02742425548890493, 0.027446462671914695, 0.016470552143516448, 0.025996776049105958]
overall_misclassification_rate_test : [0.12253249879634089, 0.0937801350048216, 0.03125, 0.2013685239491691, 0.0303921568627451]
statistical_parity_test : [0.15262397688974483, 0.05448408871745419, 0.171875, 0.021016617790811334, 0.03137254901960784]
predictive_equality_test : [0.09324009324009322, 0.21568627450980393, 0.013257575757575774, 0.0, 0.06616161616161617]
equal_opportunity_test : [0.0357142857142857, 0.11212121212121218, 0.032258064516129004, 0.15384615384615385, 0.17500000000000004]
max_equalized_odds_test : [0.09324009324009322, 0.21568627450980393, 0.032258064516129004, 0.15384615384615385, 0.17500000000000004]
mean_equalized_odds_test : [0.07763231600440901, 0.18116458704694002, 0.020234317723607037, 0.046875, 0.09932331123737376]
end
