dataset : data/synthetic.csv
labels_name : ['L1', 'L2', 'L3']
s : 5.0
eod : 0.6
a : 1.0
sensitive_groups : ['A1']
sensitive_labels : ['L1']
time_limit : 3600
lambda_bound : 9
n_folds : 5
nb_samples : 642
nb_features : 7
nb_labels : 3
optimality_gap : [0.0, 0.0, 0.0, 0.0, 0.0]
execution_time : [201.6577889919281, 80.74670600891113, 110.77254605293274, 301.38620710372925, 142.79475593566895]
objective_function : [0.11591942820012993, 0.10812215724496424, 0.12010376134889754, 0.12399481193255513, 0.12399481193255513]
sparsity : [7, 7, 11, 11, 11]
accuracy_train : [0.884990253411306, 0.8927875243664717, 0.8813229571984436, 0.877431906614786, 0.877431906614786]
balanced_accuracy_train : [0.8837436104385258, 0.8941086602881055, 0.8766149870801033, 0.875652051318201, 0.8770787139689579]
accuracy_test : [0.8682170542635659, 0.8372093023255814, 0.8671875, 0.8828125, 0.8828125]
balanced_accuracy_test : [0.872260015117158, 0.8243319053447573, 0.8769109535066981, 0.8795648795648795, 0.8742964352720449]
overall_misclassification_rate_train : [0.004455460600346697, 0.009031198686371103, 0.009108130635750555, 0.00636855752172133, 0.014159586873230046]
statistical_parity_train : [0.12519388096469086, 0.11699507389162561, 0.11070697885883155, 0.13313317866836494, 0.16587160964972059]
predictive_equality_train : [0.042392646453560154, 0.04349960722702278, 0.08333333333333333, 0.07035175879396985, 0.07246376811594203]
equal_opportunity_train : [0.11403508771929827, 0.12844036697247707, 0.07807807807807798, 0.03520114942528729, 0.008843036109064117]
max_equalized_odds_train : [0.11403508771929827, 0.12844036697247707, 0.08333333333333333, 0.07035175879396985, 0.07246376811594203]
mean_equalized_odds_train : [0.0658544985639773, 0.0699918519819403, 0.08173835313913133, 0.05913638926777541, 0.05216454623047904]
overall_misclassification_rate_test : [0.00722195474241695, 0.026518804243008676, 0.015625, 0.025415444770283485, 0.002941176470588225]
statistical_parity_test : [0.1783822821376986, 0.2066055930568949, 0.1875, 0.09628543499511238, 0.033333333333333326]
predictive_equality_test : [0.057808857808857805, 0.05154061624649861, 0.041666666666666664, 0.09433962264150944, 0.08888888888888889]
equal_opportunity_test : [0.1428571428571429, 0.09090909090909094, 0.08870967741935487, 0.038461538461538436, 0.15833333333333333]
max_equalized_odds_test : [0.1428571428571429, 0.09090909090909094, 0.08870967741935487, 0.09433962264150944, 0.15833333333333333]
mean_equalized_odds_test : [0.08088397390722973, 0.06466344113402939, 0.058940272177419366, 0.07731426886792453, 0.11004774305555556]
end
