dataset : data/synthetic.csv
labels_name : ['L1', 'L2', 'L3']
s : 3.0
eod : 0.05
a : 1.0
sensitive_groups : ['A1']
sensitive_labels : ['L1']
time_limit : 3600
lambda_bound : 9
n_folds : 5
nb_samples : 642
nb_features : 7
nb_labels : 3
optimality_gap : [0.5578680986472767, 0.14864864853272186, 0.5212816452480006, 0.6418497141485975, 0.2824945129940969]
execution_time : [3600.004846096039, 3600.0034470558167, 3600.0013349056244, 3600.0012691020966, 3600.004033088684]
objective_function : [0.20077972709551656, 0.12822178904050247, 0.22957198443579768, 0.25680933852140075, 0.14764375270211846]
sparsity : [9, 7, 9, 9, 8]
accuracy_train : [0.8011695906432749, 0.8732943469785575, 0.7723735408560312, 0.745136186770428, 0.8540856031128404]
balanced_accuracy_train : [0.7987288135593221, 0.8736105759969176, 0.7783484332621616, 0.7371234550495794, 0.8540902082218315]
accuracy_test : [0.7984496124031008, 0.8217054263565892, 0.78125, 0.765625, 0.875]
balanced_accuracy_test : [0.7865457294028723, 0.8096355229158166, 0.776241134751773, 0.7474747474747474, 0.8673519908276006]
overall_misclassification_rate_train : [0.028831239925793006, 0.022851669403393532, 0.09099037660074258, 0.104580812445981, 0.007102509351384914]
statistical_parity_train : [0.10945530853684496, 0.14860426929392448, 0.12451314692733195, 0.07076680465207966, 0.1729286871715657]
predictive_equality_train : [0.04067773357113458, 0.041895784236711184, 0.047491723962312216, 0.04020100502512563, 0.04766730853687375]
equal_opportunity_train : [0.0009746588693957392, 0.028422378125562142, 0.027027027027026973, 0.030172413793103425, 0.008843036109064117]
max_equalized_odds_train : [0.04067773357113458, 0.041895784236711184, 0.047491723962312216, 0.04020100502512563, 0.04766730853687375]
mean_equalized_odds_train : [0.027675557060623614, 0.03769355231120661, 0.041280648627867664, 0.037001221052262515, 0.03527979748986834]
overall_misclassification_rate_test : [0.09725565719788157, 0.1526036644165863, 0.0625, 0.1691104594330401, 0.017647058823529405]
statistical_parity_test : [0.13842079922965814, 0.11330761812921891, 0.140625, 0.053274682306940366, 0.018627450980392146]
predictive_equality_test : [0.021445221445221443, 0.21568627450980393, 0.018939393939393978, 0.0, 0.06616161616161617]
equal_opportunity_test : [0.1071428571428572, 0.009090909090909038, 0.032258064516129004, 0.07692307692307693, 0.15833333333333333]
max_equalized_odds_test : [0.1071428571428572, 0.21568627450980393, 0.032258064516129004, 0.07692307692307693, 0.15833333333333333]
mean_equalized_odds_test : [0.04469651795233193, 0.14682115270350563, 0.02382984329178887, 0.0234375, 0.09424518623737374]
end
