dataset : data/synthetic.csv
labels_name : ['L1', 'L2', 'L3']
s : 10.0
eod : 0.01
a : 1.0
sensitive_groups : ['A1']
sensitive_labels : ['L1']
time_limit : 3600
lambda_bound : 9
n_folds : 5
nb_samples : 642
nb_features : 7
nb_labels : 3
optimality_gap : [0.46942859368584144, 0.6304121166187147, 0.5240606682441229, 0.46183084969839117, 0.5999013467228248]
execution_time : [3600.008656978607, 3600.006283044815, 3600.004567861557, 3600.001920938492, 3600.0106549263]
objective_function : [0.24262508122157245, 0.30474333983105917, 0.23826199740596626, 0.24202334630350197, 0.2691958495460441]
sparsity : [14, 10, 14, 12, 11]
accuracy_train : [0.7582846003898636, 0.695906432748538, 0.7626459143968871, 0.7587548638132295, 0.7315175097276264]
balanced_accuracy_train : [0.7562886736615549, 0.6887781202508615, 0.7512439007187695, 0.752607541506002, 0.7259405450637578]
accuracy_test : [0.7984496124031008, 0.6511627906976745, 0.75, 0.7890625, 0.7890625]
balanced_accuracy_test : [0.7950113378684808, 0.6352254181966545, 0.7575256107171001, 0.7761978761978762, 0.7800969355847404]
overall_misclassification_rate_train : [0.053876098658799915, 0.10946907498631636, 0.08914147154656363, 0.10953918937360688, 0.12146956824617994]
statistical_parity_train : [0.10496943523615462, 0.07211275314723589, 0.10350837311510191, 0.10204855266948704, 0.10662850392985329]
predictive_equality_train : [0.008643160927424884, 0.008673736580256615, 0.007002801120448182, 0.0038936403873673017, 0.0003716090672612332]
equal_opportunity_train : [0.006822612085769952, 0.00935420039575463, 0.0018018018018017834, 0.008620689655172431, 0.00957995578481946]
max_equalized_odds_train : [0.008643160927424884, 0.00935420039575463, 0.007002801120448182, 0.008620689655172431, 0.00957995578481946]
mean_equalized_odds_train : [0.008046957797994029, 0.008885967010041572, 0.0054242877085632826, 0.00540188178798995, 0.003309680782591096]
overall_misclassification_rate_test : [0.01781415503129513, 0.17767598842815815, 0.0625, 0.09042033235581623, 0.07254901960784313]
statistical_parity_test : [0.11627347135291283, 0.16634522661523626, 0.171875, 0.04301075268817206, 0.040196078431372545]
predictive_equality_test : [0.061072261072261075, 0.04649859943977591, 0.04734848484848485, 0.04769392033542977, 0.04393939393939394]
equal_opportunity_test : [0.1428571428571428, 0.05454545454545451, 0.08266129032258063, 0.07692307692307687, 0.20833333333333331]
max_equalized_odds_test : [0.1428571428571428, 0.05454545454545451, 0.08266129032258063, 0.07692307692307687, 0.20833333333333331]
mean_equalized_odds_test : [0.08326195768056233, 0.04918088447500211, 0.06031490560850439, 0.0565996789832285, 0.09402817234848485]
end
