dataset : data/synthetic.csv
labels_name : ['L1', 'L2', 'L3']
s : 10.0
eod : 0.02
a : 1.0
sensitive_groups : ['A1']
sensitive_labels : ['L1']
time_limit : 3600
lambda_bound : 9
n_folds : 5
nb_samples : 642
nb_features : 7
nb_labels : 3
optimality_gap : [0.15298315993488557, 0.5323182891244739, 0.3410550241524615, 0.5472002396489131, 0.17909402871597227]
execution_time : [3600.0058121681213, 3600.00829410553, 3600.0028240680695, 3600.004414796829, 3600.0091269016266]
objective_function : [0.15471085120207925, 0.2365172189733593, 0.20894941634241243, 0.23618677042801556, 0.17769130998702984]
sparsity : [11, 10, 12, 12, 10]
accuracy_train : [0.8460038986354775, 0.7641325536062378, 0.791828793774319, 0.7645914396887159, 0.8229571984435797]
balanced_accuracy_train : [0.8450699488835083, 0.7521182495344506, 0.7832951827700515, 0.7617217898445272, 0.8235477143172686]
accuracy_test : [0.8372093023255814, 0.7209302325581395, 0.75, 0.734375, 0.828125]
balanced_accuracy_test : [0.833560090702948, 0.7076703386372909, 0.7575256107171001, 0.7280626780626781, 0.8244996873045652]
overall_misclassification_rate_train : [0.006432286122684816, 0.1293103448275862, 0.059680230355383806, 0.04313939559356472, 0.003664834249541893]
statistical_parity_train : [0.14544873939357078, 0.062123700054734554, 0.1249374857922255, 0.11319352833249938, 0.18369603077249252]
predictive_equality_train : [0.01876114693373576, 0.014925373134328358, 0.011904761904761904, 0.01647309394655397, 0.013715752846187632]
equal_opportunity_train : [0.00877192982456143, 0.014750854470228447, 0.008408408408408397, 0.011494252873563204, 0.008843036109064117]
max_equalized_odds_train : [0.01876114693373576, 0.014925373134328358, 0.011904761904761904, 0.01647309394655397, 0.013715752846187632]
mean_equalized_odds_train : [0.015489824371666976, 0.014870942361899536, 0.010843611816374459, 0.014884514304588042, 0.012161033887261063]
overall_misclassification_rate_test : [0.06740491092922485, 0.06967213114754098, 0.109375, 0.09335288367546435, 0.028431372549019618]
statistical_parity_test : [0.1336061627347135, 0.08775313404050145, 0.15625, 0.11241446725317694, 0.007843137254901933]
predictive_equality_test : [0.03216783216783216, 0.09803921568627451, 0.06818181818181819, 0.04350104821802936, 0.04242424242424242]
equal_opportunity_test : [0.2857142857142857, 0.08484848484848484, 0.012096774193548376, 0.03846153846153855, 0.15833333333333333]
max_equalized_odds_test : [0.2857142857142857, 0.09803921568627451, 0.06818181818181819, 0.04350104821802936, 0.15833333333333333]
mean_equalized_odds_test : [0.1009595056106684, 0.0936423054070113, 0.04758809109237537, 0.04196557258909857, 0.07774029356060605]
end
