dataset : data/synthetic.csv
labels_name : ['L1', 'L2', 'L3']
s : 10.0
eod : 0.03
a : 1.0
sensitive_groups : ['A1']
sensitive_labels : ['L1']
time_limit : 3600
lambda_bound : 9
n_folds : 5
nb_samples : 642
nb_features : 7
nb_labels : 3
optimality_gap : [0.05551164137568613, 9.154858114824036e-05, 0.20074957493579365, 0.25193524603631395, 0.10472170618384632]
execution_time : [3600.0019249916077, 1069.4513530731201, 3600.009973049164, 3600.004080057144, 3600.00243806839]
objective_function : [0.15471085120207925, 0.12930474333983105, 0.19319066147859923, 0.18540856031128405, 0.16997405966277562]
sparsity : [11, 10, 9, 9, 11]
accuracy_train : [0.8460038986354775, 0.8713450292397661, 0.8073929961089494, 0.8151750972762646, 0.830739299610895]
balanced_accuracy_train : [0.8450699488835083, 0.8706426989019457, 0.8132321541923941, 0.8142314522978679, 0.8311234718930262]
accuracy_test : [0.8372093023255814, 0.813953488372093, 0.8125, 0.8515625, 0.828125]
balanced_accuracy_test : [0.833560090702948, 0.8018835849313205, 0.8058707643814027, 0.8487956487956488, 0.8244996873045652]
overall_misclassification_rate_train : [0.006432286122684816, 0.0121784345922277, 0.0654391149503675, 0.012160912220048836, 0.000318022806778423]
statistical_parity_train : [0.14544873939357078, 0.145320197044335, 0.15006440857770703, 0.1378944335774614, 0.18034921932972908]
predictive_equality_train : [0.01876114693373576, 0.021995286724273366, 0.027629233511586443, 0.026290392359146722, 0.02935711631363805]
equal_opportunity_train : [0.00877192982456143, 0.017449181507465328, 0.027027027027026973, 0.028017241379310387, 0.008843036109064117]
max_equalized_odds_train : [0.01876114693373576, 0.021995286724273366, 0.027629233511586443, 0.028017241379310387, 0.02935711631363805]
mean_equalized_odds_train : [0.015489824371666976, 0.020577398157627585, 0.027446462671914695, 0.026841371423946023, 0.02281176776587516]
overall_misclassification_rate_test : [0.06740491092922485, 0.1378977820636451, 0.03125, 0.07038123167155425, 0.01568627450980392]
statistical_parity_test : [0.1336061627347135, 0.09860173577627773, 0.171875, 0.0972629521016618, 0.05196078431372547]
predictive_equality_test : [0.03216783216783216, 0.21568627450980393, 0.013257575757575774, 0.011006289308176112, 0.1106060606060606]
equal_opportunity_test : [0.2857142857142857, 0.021212121212121238, 0.032258064516129004, 0.1923076923076924, 0.15833333333333333]
max_equalized_odds_test : [0.2857142857142857, 0.21568627450980393, 0.032258064516129004, 0.1923076923076924, 0.15833333333333333]
mean_equalized_odds_test : [0.1009595056106684, 0.15086155674390972, 0.020234317723607037, 0.06624656053459123, 0.12514796401515152]
end
