dataset : data/synthetic.csv
labels_name : ['L1', 'L2', 'L3']
s : 10.0
eod : 0.04
a : 1.0
sensitive_groups : ['A1']
sensitive_labels : ['L1']
time_limit : 3600
lambda_bound : 9
n_folds : 5
nb_samples : 642
nb_features : 7
nb_labels : 3
optimality_gap : [9.832841684546986e-05, 8.908858129726449e-05, 0.33635041719182673, 9.704027164766636e-05, 0.12309265291545565]
execution_time : [1515.3117570877075, 871.0370490550995, 3600.0014951229095, 1585.3612730503082, 3600.001527070999]
objective_function : [0.14684860298895386, 0.12930474333983105, 0.2167963683527886, 0.14850843060959792, 0.16601815823605706]
sparsity : [10, 10, 13, 10, 10]
accuracy_train : [0.8538011695906432, 0.8713450292397661, 0.7898832684824902, 0.8521400778210116, 0.8346303501945526]
balanced_accuracy_train : [0.8518966908797418, 0.8706426989019457, 0.7743987278871, 0.8509086834769591, 0.8350419671908318]
accuracy_test : [0.8682170542635659, 0.813953488372093, 0.7578125, 0.875, 0.84375]
balanced_accuracy_test : [0.8701436130007559, 0.8018835849313205, 0.7782505910165485, 0.8721574721574722, 0.8383885761934543]
overall_misclassification_rate_train : [0.007268635382135583, 0.0121784345922277, 0.09035386830340231, 0.0077029219548439, 0.0037556979086214443]
statistical_parity_train : [0.13865150086676198, 0.145320197044335, 0.08353413654618475, 0.14720465814493017, 0.17627549861432917]
predictive_equality_train : [0.03392097681437782, 0.021995286724273366, 0.0392156862745098, 0.03906951978435222, 0.03202594506942333]
equal_opportunity_train : [0.01754385964912286, 0.017449181507465328, 0.010810810810810811, 0.03520114942528729, 0.008843036109064117]
max_equalized_odds_train : [0.03392097681437782, 0.021995286724273366, 0.0392156862745098, 0.03906951978435222, 0.03202594506942333]
mean_equalized_odds_train : [0.028557710374294325, 0.020577398157627585, 0.030594751308873534, 0.03783525375538987, 0.02462906361125424]
overall_misclassification_rate_test : [0.023350987000481466, 0.1378977820636451, 0.109375, 0.02443792766373412, 0.061764705882352944]
statistical_parity_test : [0.13240250361097736, 0.09860173577627773, 0.125, 0.0972629521016618, 0.025490196078431393]
predictive_equality_test : [0.10163170163170163, 0.21568627450980393, 0.0, 0.08542976939203355, 0.0020202020202020193]
equal_opportunity_test : [0.1785714285714286, 0.021212121212121238, 0.0463709677419355, 0.038461538461538436, 0.15833333333333333]
max_equalized_odds_test : [0.1785714285714286, 0.21568627450980393, 0.0463709677419355, 0.08542976939203355, 0.15833333333333333]
mean_equalized_odds_test : [0.12250682134403064, 0.15086155674390972, 0.01702683971774194, 0.07111913653039832, 0.04964685921717171]
end
