dataset : data/synthetic.csv
labels_name : ['L1', 'L2', 'L3']
s : 10.0
eod : 0.06
a : 1.0
sensitive_groups : ['A1']
sensitive_labels : ['L1']
time_limit : 3600
lambda_bound : 9
n_folds : 5
nb_samples : 642
nb_features : 7
nb_labels : 3
optimality_gap : [0.1134706133901382, 9.358038547002788e-05, 0.08905418164022444, 9.974067417779892e-05, 9.653105975748875e-05]
execution_time : [3600.007719039917, 214.96140098571777, 3600.009936094284, 653.8889329433441, 1323.4407229423523]
objective_function : [0.1410006497725796, 0.1157244964262508, 0.16783398184176393, 0.1444876783398184, 0.1272373540856031]
sparsity : [10, 11, 8, 8, 12]
accuracy_train : [0.8596491228070176, 0.884990253411306, 0.8326848249027238, 0.8560311284046692, 0.8735408560311284]
balanced_accuracy_train : [0.8582526230831315, 0.8832751396648044, 0.8365168215130706, 0.8549364204330786, 0.8724593495934959]
accuracy_test : [0.8449612403100775, 0.8294573643410853, 0.8515625, 0.8671875, 0.8828125]
balanced_accuracy_test : [0.8409674981103553, 0.8141574867401061, 0.8506304176516943, 0.8647500647500648, 0.8742964352720449]
overall_misclassification_rate_train : [0.008333079894163806, 0.008757525998905308, 0.02880957793437902, 0.0041395623891188615, 0.02463919555373828]
statistical_parity_train : [0.13068337337672215, 0.11124794745484401, 0.16405243615973325, 0.1353621738009674, 0.15869338058243607]
predictive_equality_train : [0.05083001783509397, 0.05970149253731343, 0.006175197351667938, 0.05574228759692502, 0.05314009661835749]
equal_opportunity_train : [0.00877192982456143, 0.05414642921388735, 0.05405405405405406, 0.03520114942528729, 0.05969049373618274]
max_equalized_odds_train : [0.05083001783509397, 0.05970149253731343, 0.05405405405405406, 0.05574228759692502, 0.05969049373618274]
mean_equalized_odds_train : [0.037056608895972204, 0.05796891918107918, 0.020706523510368783, 0.04918830576784216, 0.055230106593694726]
overall_misclassification_rate_test : [0.06860857005296099, 0.0429122468659595, 0.015625, 0.006842619745845546, 0.002941176470588225]
statistical_parity_test : [0.1348098218584497, 0.1347637415621986, 0.15625, 0.12854349951124144, 0.033333333333333326]
predictive_equality_test : [0.03962703962703963, 0.13725490196078433, 0.015151515151515138, 0.03878406708595389, 0.08888888888888889]
equal_opportunity_test : [0.2857142857142857, 0.08181818181818179, 0.06451612903225812, 0.038461538461538436, 0.15833333333333333]
max_equalized_odds_test : [0.2857142857142857, 0.13725490196078433, 0.06451612903225812, 0.03878406708595389, 0.15833333333333333]
mean_equalized_odds_test : [0.10639489709257152, 0.11877599524658347, 0.033277584310850455, 0.038685796645702306, 0.11004774305555556]
end
