dataset : data/synthetic.csv
labels_name : ['L1', 'L2', 'L3']
s : 10.0
eod : 0.07
a : 1.0
sensitive_groups : ['A1']
sensitive_labels : ['L1']
time_limit : 3600
lambda_bound : 9
n_folds : 5
nb_samples : 642
nb_features : 7
nb_labels : 3
optimality_gap : [9.673927357037303e-05, 9.606168356988813e-05, 0.05572084686121585, 9.685096012945288e-05, 0.02970758582525317]
execution_time : [1159.1631710529327, 435.53421807289124, 3600.002676010132, 152.0625021457672, 3600.003415822983]
objective_function : [0.12157244964262506, 0.1157244964262508, 0.1543450064850843, 0.12334630350194553, 0.1272373540856031]
sparsity : [11, 11, 10, 12, 12]
accuracy_train : [0.8791423001949318, 0.884990253411306, 0.8463035019455253, 0.877431906614786, 0.8735408560311284]
balanced_accuracy_train : [0.876984126984127, 0.8832751396648044, 0.8441180808022519, 0.8753348371634005, 0.8724593495934959]
accuracy_test : [0.875968992248062, 0.8294573643410853, 0.8125, 0.8671875, 0.8828125]
balanced_accuracy_test : [0.8775510204081632, 0.8141574867401061, 0.8142631993695825, 0.8614996114996115, 0.8742964352720449]
overall_misclassification_rate_train : [0.007496730634713067, 0.008757525998905308, 0.011532924149427887, 0.0170131465223127, 0.02463919555373828]
statistical_parity_train : [0.12388613484991332, 0.11124794745484401, 0.11582935515647497, 0.13404297260003945, 0.15869338058243607]
predictive_equality_train : [0.06598984771573604, 0.05970149253731343, 0.060924369747899165, 0.05527638190954774, 0.05314009661835749]
equal_opportunity_train : [0.01754385964912286, 0.05414642921388735, 0.06906906906906907, 0.06106321839080453, 0.05969049373618274]
max_equalized_odds_train : [0.06598984771573604, 0.05970149253731343, 0.06906906906906907, 0.06106321839080453, 0.05969049373618274]
mean_equalized_odds_train : [0.05012449489859956, 0.05796891918107918, 0.06339630183759276, 0.05712276553391762, 0.055230106593694726]
overall_misclassification_rate_test : [0.02214732787674531, 0.0429122468659595, 0.03125, 0.038123167155425214, 0.002941176470588225]
statistical_parity_test : [0.1336061627347135, 0.1347637415621986, 0.203125, 0.06304985337243404, 0.033333333333333326]
predictive_equality_test : [0.10909090909090909, 0.13725490196078433, 0.04734848484848485, 0.07547169811320754, 0.08888888888888889]
equal_opportunity_test : [0.1785714285714286, 0.08181818181818179, 0.056451612903225756, 0.15384615384615385, 0.15833333333333333]
max_equalized_odds_test : [0.1785714285714286, 0.13725490196078433, 0.056451612903225756, 0.15384615384615385, 0.15833333333333333]
mean_equalized_odds_test : [0.12794221282593377, 0.11877599524658347, 0.05069103968108502, 0.09935141509433962, 0.11004774305555556]
end
