dataset : data/synthetic.csv
labels_name : ['L1', 'L2', 'L3']
s : 10.0
eod : 0.08
a : 1.0
sensitive_groups : ['A1']
sensitive_labels : ['L1']
time_limit : 3600
lambda_bound : 9
n_folds : 5
nb_samples : 642
nb_features : 7
nb_labels : 3
optimality_gap : [1.9499333809845695e-05, 8.968120274218999e-05, 9.958646647018095e-05, 9.86322987102169e-05, 9.944676849689794e-05]
execution_time : [298.4544749259949, 116.54797911643982, 455.99600195884705, 187.62707710266113, 225.166100025177]
objective_function : [0.12157244964262506, 0.1157244964262508, 0.13482490272373543, 0.12328145265888457, 0.12328145265888457]
sparsity : [11, 11, 9, 11, 11]
accuracy_train : [0.8791423001949318, 0.884990253411306, 0.8657587548638133, 0.877431906614786, 0.877431906614786]
balanced_accuracy_train : [0.876984126984127, 0.8832751396648044, 0.8624239393181629, 0.875652051318201, 0.8770787139689579]
accuracy_test : [0.875968992248062, 0.8294573643410853, 0.8203125, 0.8828125, 0.8828125]
balanced_accuracy_test : [0.8775510204081632, 0.8141574867401061, 0.8256895193065406, 0.8795648795648795, 0.8742964352720449]
overall_misclassification_rate_train : [0.007496730634713067, 0.008757525998905308, 0.005092066378722435, 0.00636855752172133, 0.014159586873230046]
statistical_parity_train : [0.12388613484991332, 0.11124794745484401, 0.11472304311585965, 0.13313317866836494, 0.16587160964972059]
predictive_equality_train : [0.06598984771573604, 0.05970149253731343, 0.0784313725490196, 0.07035175879396985, 0.07246376811594203]
equal_opportunity_train : [0.01754385964912286, 0.05414642921388735, 0.07807807807807798, 0.03520114942528729, 0.008843036109064117]
max_equalized_odds_train : [0.06598984771573604, 0.05970149253731343, 0.0784313725490196, 0.07035175879396985, 0.07246376811594203]
mean_equalized_odds_train : [0.05012449489859956, 0.05796891918107918, 0.07832414698974549, 0.05913638926777541, 0.05216454623047904]
overall_misclassification_rate_test : [0.02214732787674531, 0.0429122468659595, 0.015625, 0.025415444770283485, 0.002941176470588225]
statistical_parity_test : [0.1336061627347135, 0.1347637415621986, 0.15625, 0.09628543499511238, 0.033333333333333326]
predictive_equality_test : [0.10909090909090909, 0.13725490196078433, 0.041666666666666664, 0.09433962264150944, 0.08888888888888889]
equal_opportunity_test : [0.1785714285714286, 0.08181818181818179, 0.024193548387096753, 0.038461538461538436, 0.15833333333333333]
max_equalized_odds_test : [0.1785714285714286, 0.13725490196078433, 0.041666666666666664, 0.09433962264150944, 0.15833333333333333]
mean_equalized_odds_test : [0.12794221282593377, 0.11877599524658347, 0.03525075604838709, 0.07731426886792453, 0.11004774305555556]
end
