dataset : data/synthetic.csv
labels_name : ['L1', 'L2', 'L3']
s : 10.0
eod : 0.1
a : 1.0
sensitive_groups : ['A1']
sensitive_labels : ['L1']
time_limit : 3600
lambda_bound : 9
n_folds : 5
nb_samples : 642
nb_features : 7
nb_labels : 3
optimality_gap : [5.948132281535105e-05, 9.244892619648339e-05, 9.554728417820886e-05, 9.863229871010433e-05, 9.86322987102169e-05]
execution_time : [334.40282106399536, 135.3986508846283, 154.49293494224548, 273.30793619155884, 246.12381100654602]
objective_function : [0.12137751786874593, 0.1157244964262508, 0.11939040207522698, 0.12328145265888457, 0.12328145265888457]
sparsity : [8, 11, 11, 11, 11]
accuracy_train : [0.8791423001949318, 0.884990253411306, 0.8813229571984436, 0.877431906614786, 0.877431906614786]
balanced_accuracy_train : [0.8777912294861446, 0.8832751396648044, 0.8766149870801033, 0.875652051318201, 0.8770787139689579]
accuracy_test : [0.8604651162790697, 0.8294573643410853, 0.8671875, 0.8828125, 0.8828125]
balanced_accuracy_test : [0.870899470899471, 0.8141574867401061, 0.8769109535066981, 0.8795648795648795, 0.8742964352720449]
overall_misclassification_rate_train : [0.06210273410176089, 0.008757525998905308, 0.009108130635750555, 0.00636855752172133, 0.014159586873230046]
statistical_parity_train : [0.11207080076640008, 0.11124794745484401, 0.11070697885883155, 0.13313317866836494, 0.16587160964972059]
predictive_equality_train : [0.09315406777335711, 0.05970149253731343, 0.08333333333333333, 0.07035175879396985, 0.07246376811594203]
equal_opportunity_train : [0.052631578947368474, 0.05414642921388735, 0.07807807807807798, 0.03520114942528729, 0.008843036109064117]
max_equalized_odds_train : [0.09315406777335711, 0.05970149253731343, 0.08333333333333333, 0.07035175879396985, 0.07246376811594203]
mean_equalized_odds_train : [0.079883545116893, 0.05796891918107918, 0.08173835313913133, 0.05913638926777541, 0.05216454623047904]
overall_misclassification_rate_test : [0.08545979778526722, 0.0429122468659595, 0.015625, 0.025415444770283485, 0.002941176470588225]
statistical_parity_test : [0.15984593163216176, 0.1347637415621986, 0.1875, 0.09628543499511238, 0.033333333333333326]
predictive_equality_test : [0.11235431235431236, 0.13725490196078433, 0.041666666666666664, 0.09433962264150944, 0.08888888888888889]
equal_opportunity_test : [0.0714285714285714, 0.08181818181818179, 0.08870967741935487, 0.038461538461538436, 0.15833333333333333]
max_equalized_odds_test : [0.11235431235431236, 0.13725490196078433, 0.08870967741935487, 0.09433962264150944, 0.15833333333333333]
mean_equalized_odds_test : [0.1012504291574059, 0.11877599524658347, 0.058940272177419366, 0.07731426886792453, 0.11004774305555556]
end
