dataset : data/synthetic.csv
labels_name : ['L1', 'L2', 'L3']
s : 3.0
eod : 0.06
a : 1.0
sensitive_groups : ['A1']
sensitive_labels : ['L1']
time_limit : 3600
lambda_bound : 9
n_folds : 5
nb_samples : 642
nb_features : 7
nb_labels : 3
optimality_gap : [0.22273624386449634, 0.15411140699563325, 0.3290352889008064, 0.4185119573966482, 0.23293419830026407]
execution_time : [3600.00337600708, 3600.0013959407806, 3600.001478910446, 3600.0013518333435, 3600.0082790851593]
objective_function : [0.14403292181069957, 0.12822178904050247, 0.16904453091223517, 0.17509727626459143, 0.14764375270211846]
sparsity : [8, 7, 8, 9, 8]
accuracy_train : [0.8576998050682261, 0.8732943469785575, 0.8326848249027238, 0.8268482490272373, 0.8540856031128404]
balanced_accuracy_train : [0.8562684960990046, 0.8721019553072625, 0.8365168215130706, 0.8292690892030895, 0.8540902082218315]
accuracy_test : [0.8604651162790697, 0.8294573643410853, 0.8515625, 0.8359375, 0.875]
balanced_accuracy_test : [0.8627362055933485, 0.8141574867401061, 0.8506304176516943, 0.8422558922558924, 0.8673519908276006]
overall_misclassification_rate_train : [0.004516286001034028, 0.008757525998905308, 0.02880957793437902, 0.0741785318958589, 0.007102509351384914]
statistical_parity_train : [0.12686657948359237, 0.11124794745484401, 0.16405243615973325, 0.135983866320945, 0.1729286871715657]
predictive_equality_train : [0.05083001783509397, 0.05970149253731343, 0.006175197351667938, 0.057372957502745514, 0.04766730853687375]
equal_opportunity_train : [0.01754385964912286, 0.05414642921388735, 0.05405405405405406, 0.03448275862068961, 0.008843036109064117]
max_equalized_odds_train : [0.05083001783509397, 0.05970149253731343, 0.05405405405405406, 0.057372957502745514, 0.04766730853687375]
mean_equalized_odds_train : [0.03992928766892799, 0.05796891918107918, 0.020706523510368783, 0.05006946992170044, 0.03527979748986834]
overall_misclassification_rate_test : [0.00770341839191141, 0.0429122468659595, 0.015625, 0.03763440860215053, 0.017647058823529405]
statistical_parity_test : [0.16345690900337026, 0.1347637415621986, 0.15625, 0.18475073313782986, 0.018627450980392146]
predictive_equality_test : [0.057808857808857805, 0.13725490196078433, 0.015151515151515138, 0.014675052410901446, 0.06616161616161617]
equal_opportunity_test : [0.1785714285714286, 0.08181818181818179, 0.06451612903225812, 0.0, 0.15833333333333333]
max_equalized_odds_test : [0.1785714285714286, 0.13725490196078433, 0.06451612903225812, 0.014675052410901446, 0.15833333333333333]
mean_equalized_odds_test : [0.09057389638784988, 0.11877599524658347, 0.033277584310850455, 0.010203747379454911, 0.09424518623737374]
end
