dataset : data/synthetic.csv
labels_name : ['L1', 'L2', 'L3']
s : 10.0
eod : 0.12
a : 1.0
sensitive_groups : ['A1']
sensitive_labels : ['L1']
time_limit : 3600
lambda_bound : 9
n_folds : 5
nb_samples : 642
nb_features : 7
nb_labels : 3
optimality_gap : [9.379103349578449e-05, 9.764404440977106e-05, 9.847178139923872e-05, 9.824776733106622e-05, 9.315272655954298e-05]
execution_time : [140.74332404136658, 166.1525740623474, 236.9596769809723, 205.88038802146912, 81.84553599357605]
objective_function : [0.11546458739441194, 0.11552956465237166, 0.11939040207522698, 0.12328145265888457, 0.12328145265888457]
sparsity : [7, 8, 11, 11, 11]
accuracy_train : [0.884990253411306, 0.884990253411306, 0.8813229571984436, 0.877431906614786, 0.877431906614786]
balanced_accuracy_train : [0.8837436104385258, 0.8873232785376399, 0.8766149870801033, 0.875652051318201, 0.8770787139689579]
accuracy_test : [0.8682170542635659, 0.8294573643410853, 0.8671875, 0.8828125, 0.8828125]
balanced_accuracy_test : [0.872260015117158, 0.8145399836801306, 0.8769109535066981, 0.8795648795648795, 0.8742964352720449]
overall_misclassification_rate_train : [0.004455460600346697, 0.03024083196496989, 0.009108130635750555, 0.00636855752172133, 0.014159586873230046]
statistical_parity_train : [0.12519388096469086, 0.10071154898741108, 0.11070697885883155, 0.13313317866836494, 0.16587160964972059]
predictive_equality_train : [0.042392646453560154, 0.07832547787378896, 0.08333333333333333, 0.07035175879396985, 0.07246376811594203]
equal_opportunity_train : [0.11403508771929827, 0.1009174311926605, 0.07807807807807798, 0.03520114942528729, 0.008843036109064117]
max_equalized_odds_train : [0.11403508771929827, 0.1009174311926605, 0.08333333333333333, 0.07035175879396985, 0.07246376811594203]
mean_equalized_odds_train : [0.0658544985639773, 0.08537170113113682, 0.08173835313913133, 0.05913638926777541, 0.05216454623047904]
overall_misclassification_rate_test : [0.00722195474241695, 0.07401157184185149, 0.015625, 0.025415444770283485, 0.002941176470588225]
statistical_parity_test : [0.1783822821376986, 0.1885245901639344, 0.1875, 0.09628543499511238, 0.033333333333333326]
predictive_equality_test : [0.057808857808857805, 0.09075630252100841, 0.041666666666666664, 0.09433962264150944, 0.08888888888888889]
equal_opportunity_test : [0.1428571428571429, 0.06060606060606055, 0.08870967741935487, 0.038461538461538436, 0.15833333333333333]
max_equalized_odds_test : [0.1428571428571429, 0.09075630252100841, 0.08870967741935487, 0.09433962264150944, 0.15833333333333333]
mean_equalized_odds_test : [0.08088397390722973, 0.08070622188269246, 0.058940272177419366, 0.07731426886792453, 0.11004774305555556]
end
