dataset : data/synthetic.csv
labels_name : ['L1', 'L2', 'L3']
s : 3.0
eod : 0.07
a : 1.0
sensitive_groups : ['A1']
sensitive_labels : ['L1']
time_limit : 3600
lambda_bound : 9
n_folds : 5
nb_samples : 642
nb_features : 7
nb_labels : 3
optimality_gap : [0.21166817884248115, 0.09696519180789294, 0.3772146634724342, 0.34445547117390135, 0.0]
execution_time : [3600.0018730163574, 3600.0061008930206, 3600.0013840198517, 3600.0046360492706, 3029.294070005417]
objective_function : [0.13406974225687673, 0.12822178904050247, 0.16904453091223517, 0.1556420233463035, 0.14007782101167315]
sparsity : [7, 7, 8, 9, 9]
accuracy_train : [0.8674463937621832, 0.8732943469785575, 0.8326848249027238, 0.8463035019455253, 0.8618677042801557]
balanced_accuracy_train : [0.8650793650793651, 0.8721019553072625, 0.8365168215130706, 0.8449852949102628, 0.8609868661382539]
accuracy_test : [0.875968992248062, 0.8294573643410853, 0.8515625, 0.8828125, 0.8515625]
balanced_accuracy_test : [0.8775510204081632, 0.8141574867401061, 0.8506304176516943, 0.8799015799015799, 0.8453330206378986]
overall_misclassification_rate_train : [0.007496730634713067, 0.008757525998905308, 0.02880957793437902, 0.0010007733248419276, 0.02463919555373828]
statistical_parity_train : [0.12388613484991332, 0.11124794745484401, 0.16405243615973325, 0.11602905275288483, 0.15869338058243607]
predictive_equality_train : [0.06598984771573604, 0.05970149253731343, 0.006175197351667938, 0.06579253885320643, 0.05314009661835749]
equal_opportunity_train : [0.01754385964912286, 0.05414642921388735, 0.05405405405405406, 0.06106321839080453, 0.05969049373618274]
max_equalized_odds_train : [0.06598984771573604, 0.05970149253731343, 0.05405405405405406, 0.06579253885320643, 0.05969049373618274]
mean_equalized_odds_train : [0.05012449489859956, 0.05796891918107918, 0.020706523510368783, 0.06428357279127275, 0.055230106593694726]
overall_misclassification_rate_test : [0.02214732787674531, 0.0429122468659595, 0.015625, 0.03714565004887585, 0.002941176470588225]
statistical_parity_test : [0.1336061627347135, 0.1347637415621986, 0.15625, 0.15884652981427175, 0.033333333333333326]
predictive_equality_test : [0.10909090909090909, 0.13725490196078433, 0.015151515151515138, 0.0010482180293501092, 0.08888888888888889]
equal_opportunity_test : [0.1785714285714286, 0.08181818181818179, 0.06451612903225812, 0.038461538461538436, 0.15833333333333333]
max_equalized_odds_test : [0.1785714285714286, 0.13725490196078433, 0.06451612903225812, 0.038461538461538436, 0.15833333333333333]
mean_equalized_odds_test : [0.12794221282593377, 0.11877599524658347, 0.033277584310850455, 0.012447589098532491, 0.11004774305555556]
end
