dataset : data/synthetic.csv
labels_name : ['L1', 'L2', 'L3']
s : 3.0
eod : 0.08
a : 1.0
sensitive_groups : ['A1']
sensitive_labels : ['L1']
time_limit : 3600
lambda_bound : 9
n_folds : 5
nb_samples : 642
nb_features : 7
nb_labels : 3
optimality_gap : [0.21609124693020243, 0.12564719042979935, 0.3436593144424872, 0.14684889835279089, 0.0]
execution_time : [3600.0036890506744, 3600.0015408992767, 3600.005383014679, 3600.0012691020966, 1225.604751110077]
objective_function : [0.13406974225687676, 0.12822178904050247, 0.16904453091223517, 0.13575443147427585, 0.13380890618244703]
sparsity : [7, 7, 8, 7, 7]
accuracy_train : [0.8674463937621832, 0.8732943469785575, 0.8326848249027238, 0.8657587548638133, 0.867704280155642]
balanced_accuracy_train : [0.8650793650793651, 0.8721019553072625, 0.8365168215130706, 0.8640913576765824, 0.8676090169992609]
accuracy_test : [0.875968992248062, 0.8294573643410853, 0.8515625, 0.8828125, 0.875]
balanced_accuracy_test : [0.8775510204081632, 0.8141574867401061, 0.8506304176516943, 0.8795648795648795, 0.866166353971232]
overall_misclassification_rate_train : [0.007496730634713067, 0.008757525998905308, 0.02880957793437902, 0.00636855752172133, 0.014159586873230046]
statistical_parity_train : [0.12388613484991332, 0.11124794745484401, 0.16405243615973325, 0.13313317866836494, 0.16587160964972059]
predictive_equality_train : [0.06598984771573604, 0.05970149253731343, 0.006175197351667938, 0.07035175879396985, 0.07246376811594203]
equal_opportunity_train : [0.01754385964912286, 0.05414642921388735, 0.05405405405405406, 0.03520114942528729, 0.008843036109064117]
max_equalized_odds_train : [0.06598984771573604, 0.05970149253731343, 0.05405405405405406, 0.07035175879396985, 0.07246376811594203]
mean_equalized_odds_train : [0.05012449489859956, 0.05796891918107918, 0.020706523510368783, 0.05913638926777541, 0.05216454623047904]
overall_misclassification_rate_test : [0.02214732787674531, 0.0429122468659595, 0.015625, 0.025415444770283485, 0.002941176470588225]
statistical_parity_test : [0.1336061627347135, 0.1347637415621986, 0.15625, 0.09628543499511238, 0.033333333333333326]
predictive_equality_test : [0.10909090909090909, 0.13725490196078433, 0.015151515151515138, 0.09433962264150944, 0.08888888888888889]
equal_opportunity_test : [0.1785714285714286, 0.08181818181818179, 0.06451612903225812, 0.038461538461538436, 0.15833333333333333]
max_equalized_odds_test : [0.1785714285714286, 0.13725490196078433, 0.06451612903225812, 0.09433962264150944, 0.15833333333333333]
mean_equalized_odds_test : [0.12794221282593377, 0.11877599524658347, 0.033277584310850455, 0.07731426886792453, 0.11004774305555556]
end
