dataset : data/synthetic.csv
labels_name : ['L1', 'L2', 'L3']
s : 3.0
eod : 0.09
a : 1.0
sensitive_groups : ['A1']
sensitive_labels : ['L1']
time_limit : 3600
lambda_bound : 9
n_folds : 5
nb_samples : 642
nb_features : 7
nb_labels : 3
optimality_gap : [0.3511523907065616, 0.09167909623175999, 0.11514168459376432, 0.1419392230834345, 0.0]
execution_time : [3600.003550052643, 3600.003875017166, 3600.0092809200287, 3600.003641843796, 1252.8780291080475]
objective_function : [0.13406974225687673, 0.12627247130171104, 0.13186338089061822, 0.13575443147427585, 0.13013402507565933]
sparsity : [7, 7, 7, 7, 8]
accuracy_train : [0.8674463937621832, 0.8752436647173489, 0.8696498054474708, 0.8657587548638133, 0.8715953307392996]
balanced_accuracy_train : [0.8650793650793651, 0.874185288640596, 0.8649870801033592, 0.8640913576765824, 0.8738557781345838]
accuracy_test : [0.875968992248062, 0.8449612403100775, 0.8671875, 0.8828125, 0.890625]
balanced_accuracy_test : [0.8775510204081632, 0.8296613627090984, 0.8769109535066981, 0.8795648795648795, 0.8881332082551595]
overall_misclassification_rate_train : [0.007496730634713067, 0.014915161466885596, 0.009108130635750555, 0.00636855752172133, 0.05715324156103767]
statistical_parity_train : [0.12388613484991332, 0.09523809523809523, 0.11070697885883155, 0.13313317866836494, 0.1594960095709721]
predictive_equality_train : [0.06598984771573604, 0.0845771144278607, 0.08333333333333333, 0.07035175879396985, 0.084152562413432]
equal_opportunity_train : [0.01754385964912286, 0.0449721172872819, 0.07807807807807798, 0.03520114942528729, 0.05932203389830504]
max_equalized_odds_train : [0.06598984771573604, 0.0845771144278607, 0.08333333333333333, 0.07035175879396985, 0.084152562413432]
mean_equalized_odds_train : [0.05012449489859956, 0.07222467867251449, 0.08173835313913133, 0.05913638926777541, 0.07622998133078449]
overall_misclassification_rate_test : [0.02214732787674531, 0.009643201542912247, 0.015625, 0.025415444770283485, 0.10588235294117646]
statistical_parity_test : [0.1336061627347135, 0.24614271938283508, 0.1875, 0.09628543499511238, 0.032352941176470584]
predictive_equality_test : [0.10909090909090909, 0.0392156862745098, 0.041666666666666664, 0.09433962264150944, 0.15454545454545454]
equal_opportunity_test : [0.1785714285714286, 0.021212121212121238, 0.08870967741935487, 0.038461538461538436, 0.04166666666666663]
max_equalized_odds_test : [0.1785714285714286, 0.0392156862745098, 0.08870967741935487, 0.09433962264150944, 0.15454545454545454]
mean_equalized_odds_test : [0.12794221282593377, 0.03321449792038028, 0.058940272177419366, 0.07731426886792453, 0.12015269886363635]
end
