dataset : data/synthetic.csv
labels_name : ['L1', 'L2', 'L3']
s : 3.0
eod : 0.1
a : 1.0
sensitive_groups : ['A1']
sensitive_labels : ['L1']
time_limit : 3600
lambda_bound : 9
n_folds : 5
nb_samples : 642
nb_features : 7
nb_labels : 3
optimality_gap : [0.0, 0.13550600332322724, 0.1488373033238196, 0.1532046634135, 0.0]
execution_time : [1964.5188250541687, 3600.0017631053925, 3600.009126186371, 3600.002079963684, 882.8368229866028]
objective_function : [0.12259042668399392, 0.12627247130171104, 0.13186338089061822, 0.13207955036748809, 0.13013402507565933]
sparsity : [8, 7, 7, 8, 8]
accuracy_train : [0.8791423001949318, 0.8752436647173489, 0.8696498054474708, 0.8696498054474708, 0.8715953307392996]
balanced_accuracy_train : [0.8777912294861446, 0.874185288640596, 0.8649870801033592, 0.8701343570210466, 0.8738557781345838]
accuracy_test : [0.8604651162790697, 0.8449612403100775, 0.8671875, 0.890625, 0.890625]
balanced_accuracy_test : [0.870899470899471, 0.8296613627090984, 0.8769109535066981, 0.8921652421652421, 0.8881332082551595]
overall_misclassification_rate_train : [0.06210273410176089, 0.014915161466885596, 0.009108130635750555, 0.030356790853538332, 0.05715324156103767]
statistical_parity_train : [0.11207080076640008, 0.09523809523809523, 0.11070697885883155, 0.1273711504344266, 0.1594960095709721]
predictive_equality_train : [0.09315406777335711, 0.0845771144278607, 0.08333333333333333, 0.07105061732503579, 0.084152562413432]
equal_opportunity_train : [0.052631578947368474, 0.0449721172872819, 0.07807807807807798, 0.09482758620689657, 0.05932203389830504]
max_equalized_odds_train : [0.09315406777335711, 0.0845771144278607, 0.08333333333333333, 0.09482758620689657, 0.084152562413432]
mean_equalized_odds_train : [0.079883545116893, 0.07222467867251449, 0.08173835313913133, 0.07863704319395634, 0.07622998133078449]
overall_misclassification_rate_test : [0.08545979778526722, 0.009643201542912247, 0.015625, 0.07282502443792767, 0.10588235294117646]
statistical_parity_test : [0.15984593163216176, 0.24614271938283508, 0.1875, 0.0850439882697947, 0.032352941176470584]
predictive_equality_test : [0.11235431235431236, 0.0392156862745098, 0.041666666666666664, 0.12316561844863731, 0.15454545454545454]
equal_opportunity_test : [0.0714285714285714, 0.021212121212121238, 0.08870967741935487, 0.07692307692307687, 0.04166666666666663]
max_equalized_odds_test : [0.11235431235431236, 0.0392156862745098, 0.08870967741935487, 0.12316561844863731, 0.15454545454545454]
mean_equalized_odds_test : [0.1012504291574059, 0.03321449792038028, 0.058940272177419366, 0.10907609407756812, 0.12015269886363635]
end
