dataset : data/synthetic.csv
labels_name : ['L1', 'L2', 'L3']
s : 1.0
a : 1.0
sensitive_groups : []
sensitive_labels : []
time_limit : 3600
lambda_bound : 9
n_folds : 5
nb_samples : 642
nb_features : 7
nb_labels : 3
optimality_gap : [0.0, 0.0, 0.0, 0.0, 0.0]
execution_time : [237.3749918937683, 200.34776997566223, 136.3362078666687, 359.8731689453125, 198.7796859741211]
objective_function : [0.33528265107212474, 0.3391812865497076, 0.3463035019455253, 0.35992217898832685, 0.35019455252918286]
sparsity : [3, 3, 3, 3, 3]
accuracy_train : [0.6666666666666666, 0.6627680311890838, 0.6556420233463035, 0.642023346303502, 0.6517509727626459]
balanced_accuracy_train : [0.66727199354318, 0.6587215586806224, 0.6548512128032008, 0.6410562202516313, 0.6491544970308637]
accuracy_test : [0.6124031007751938, 0.627906976744186, 0.65625, 0.7109375, 0.671875]
balanced_accuracy_test : [0.6009070294784581, 0.6302019583843329, 0.6591016548463356, 0.7057109557109557, 0.676829268292683]
end
