dataset : data/synthetic.csv
labels_name : ['L1', 'L2', 'L3']
s : 2.0
a : 1.0
sensitive_groups : []
sensitive_labels : []
time_limit : 3600
lambda_bound : 9
n_folds : 5
nb_samples : 642
nb_features : 7
nb_labels : 3
optimality_gap : [0.0, 0.0, 0.0, 0.0, 0.0]
execution_time : [128.56427907943726, 49.8323028087616, 45.78133797645569, 28.817655086517334, 142.9752700328827]
objective_function : [0.1189083820662768, 0.1189083820662768, 0.1264591439688716, 0.1264591439688716, 0.11867704280155641]
sparsity : [6, 6, 6, 6, 6]
accuracy_train : [0.9103313840155945, 0.9083820662768031, 0.8910505836575876, 0.8988326848249028, 0.9007782101167315]
balanced_accuracy_train : [0.9102434759214421, 0.9087386823348101, 0.8911699078615808, 0.8990672217881187, 0.9014195784591075]
accuracy_test : [0.8682170542635659, 0.875968992248062, 0.9453125, 0.9140625, 0.90625]
balanced_accuracy_test : [0.873771730914588, 0.875501495988032, 0.9453900709219859, 0.9140896140896141, 0.9050969355847404]
end
