dataset : data/synthetic.csv
labels_name : ['L1', 'L2', 'L3']
s : 3.0
a : 1.0
sensitive_groups : []
sensitive_labels : []
time_limit : 3600
lambda_bound : 9
n_folds : 5
nb_samples : 642
nb_features : 7
nb_labels : 3
optimality_gap : [0.0, 0.0, 0.0, 0.0, 0.0]
execution_time : [10.786310195922852, 27.975103855133057, 297.9865789413452, 168.30004501342773, 592.7332170009613]
objective_function : [0.042884990253411304, 0.04093567251461989, 0.052529182879377426, 0.05447470817120622, 0.052529182879377426]
sparsity : [9, 9, 9, 9, 9]
accuracy_train : [0.9590643274853801, 0.9610136452241715, 0.9494163424124513, 0.9474708171206225, 0.9494163424124513]
balanced_accuracy_train : [0.959140435835351, 0.9617180643849398, 0.9501830585851591, 0.947945814326371, 0.9501676776172151]
accuracy_test : [0.9302325581395349, 0.9224806201550387, 0.96875, 0.9453125, 0.96875]
balanced_accuracy_test : [0.9348450491307635, 0.9187831497348021, 0.9669818754925137, 0.9471380471380472, 0.9694340212632896]
end
