dataset : data/synthetic.csv
labels_name : ['L1', 'L2', 'L3']
s : 4.0
a : 1.0
sensitive_groups : []
sensitive_labels : []
time_limit : 3600
lambda_bound : 9
n_folds : 5
nb_samples : 642
nb_features : 7
nb_labels : 3
optimality_gap : [0.0, 0.0, 0.0, 0.0, 0.0]
execution_time : [4.789681911468506, 4.621284008026123, 3.2087759971618652, 75.56213998794556, 1365.5465269088745]
objective_function : [0.03313840155945419, 0.025341130604288498, 0.03501945525291829, 0.036964980544747075, 0.03501945525291829]
sparsity : [12, 12, 12, 12, 12]
accuracy_train : [0.9688109161793372, 0.9766081871345029, 0.9669260700389105, 0.9649805447470817, 0.9669260700389105]
balanced_accuracy_train : [0.9690610707559859, 0.9772790513495581, 0.9682212219721597, 0.9657098069951994, 0.9676288749564611]
accuracy_test : [0.9689922480620154, 0.937984496124031, 0.9765625, 0.984375, 0.9765625]
balanced_accuracy_test : [0.9715797430083145, 0.9353070175438596, 0.9740740740740742, 0.985016835016835, 0.9779810298102981]
end
