dataset : data/synthetic.csv
labels_name : ['L1', 'L2', 'L3']
s : 5.0
a : 1.0
sensitive_groups : []
sensitive_labels : []
time_limit : 3600
lambda_bound : 9
n_folds : 5
nb_samples : 642
nb_features : 7
nb_labels : 3
optimality_gap : [0.0, 0.0, 0.0, 0.0, 0.0]
execution_time : [2.3757050037384033, 1.862727165222168, 4.395747184753418, 21.95210099220276, 25.750061988830566]
objective_function : [0.03274853801169591, 0.02495126705653021, 0.034630350194552524, 0.03657587548638132, 0.032944228274967575]
sparsity : [12, 12, 12, 12, 14]
accuracy_train : [0.9688109161793372, 0.9766081871345029, 0.9669260700389105, 0.9649805447470817, 0.9688715953307393]
balanced_accuracy_train : [0.9690610707559859, 0.9772790513495581, 0.9682212219721597, 0.9657098069951994, 0.9687269031781227]
accuracy_test : [0.9689922480620154, 0.937984496124031, 0.9765625, 0.984375, 0.9375]
balanced_accuracy_test : [0.9715797430083145, 0.9353070175438596, 0.9740740740740742, 0.985016835016835, 0.9320408588701271]
end
