dataset : data/synthetic.csv
labels_name : ['L1', 'L2', 'L3']
s : 8.0
a : 1.0
sensitive_groups : []
sensitive_labels : []
time_limit : 3600
lambda_bound : 9
n_folds : 5
nb_samples : 642
nb_features : 7
nb_labels : 3
optimality_gap : [0.0, 0.0, 0.0, 0.0, 0.0]
execution_time : [2.9353158473968506, 3.404935836791992, 3.5505568981170654, 2.444571018218994, 3.4342329502105713]
objective_function : [0.03216374269005848, 0.024366471734892786, 0.03404669260700389, 0.03242542153047989, 0.028534370946822304]
sparsity : [12, 12, 12, 16, 16]
accuracy_train : [0.9688109161793372, 0.9766081871345029, 0.9669260700389105, 0.9688715953307393, 0.9727626459143969]
balanced_accuracy_train : [0.9690610707559859, 0.9772790513495581, 0.9682212219721597, 0.9684313172611495, 0.9727919438285292]
accuracy_test : [0.9689922480620154, 0.937984496124031, 0.9765625, 0.9765625, 0.9609375]
balanced_accuracy_test : [0.9715797430083145, 0.9353070175438596, 0.9740740740740742, 0.9753302253302253, 0.9576818845111528]
end
