dataset : data/synthetic.csv
labels_name : ['L1', 'L2', 'L3']
s : 10.0
a : 1.0
sensitive_groups : []
sensitive_labels : []
time_limit : 3600
lambda_bound : 9
n_folds : 5
nb_samples : 642
nb_features : 7
nb_labels : 3
optimality_gap : [0.0, 0.0, 0.0, 8.145975862613356e-05, 0.0]
execution_time : [4.020745038986206, 2.5709259510040283, 3.765180826187134, 5.866045951843262, 7.909173011779785]
objective_function : [0.03196881091617934, 0.024171539961013642, 0.03385214007782101, 0.03216601815823606, 0.02827496757457972]
sparsity : [12, 12, 12, 16, 16]
accuracy_train : [0.9688109161793372, 0.9766081871345029, 0.9669260700389105, 0.9688715953307393, 0.9727626459143969]
balanced_accuracy_train : [0.9690610707559859, 0.9772790513495581, 0.9682212219721597, 0.9684313172611495, 0.9727919438285292]
accuracy_test : [0.9689922480620154, 0.937984496124031, 0.9765625, 0.9765625, 0.9609375]
balanced_accuracy_test : [0.9715797430083145, 0.9353070175438596, 0.9740740740740742, 0.9753302253302253, 0.9576818845111528]
end
